328.563	121.0
328.895	126.0
329.227	124.0
329.559	121.0
329.892	121.0
330.224	126.0
330.556	123.0
330.888	123.0
331.220	124.0
331.553	129.0
331.885	123.0
332.217	128.0
332.550	125.0
332.882	127.0
333.215	127.0
333.547	128.0
333.880	131.0
334.212	126.0
334.545	122.0
334.878	128.0
335.210	129.0
335.543	127.0
335.876	131.0
336.209	124.0
336.541	128.0
336.874	130.0
337.207	125.0
337.540	128.0
337.873	128.0
338.206	126.0
338.539	129.0
338.872	130.0
339.205	127.0
339.538	131.0
339.872	126.0
340.205	126.0
340.538	129.0
340.871	130.0
341.205	130.0
341.538	126.0
341.871	129.0
342.205	130.0
342.538	127.0
342.872	125.0
343.205	129.0
343.539	130.0
343.872	129.0
344.206	128.0
344.540	123.0
344.873	128.0
345.207	131.0
345.541	132.0
345.875	133.0
346.208	129.0
346.542	130.0
346.876	129.0
347.210	131.0
347.544	131.0
347.878	130.0
348.212	132.0
348.546	133.0
348.880	129.0
349.214	132.0
349.549	132.0
349.883	132.0
350.217	129.0
350.551	127.0
350.886	130.0
351.220	133.0
351.554	129.0
351.889	135.0
352.223	134.0
352.558	130.0
352.892	132.0
353.227	135.0
353.561	136.0
353.896	132.0
354.231	131.0
354.565	136.0
354.900	130.0
355.235	130.0
355.569	135.0
355.904	135.0
356.239	142.0
356.574	136.0
356.909	140.0
357.244	141.0
357.579	136.0
357.914	136.0
358.249	133.0
358.584	134.0
358.919	131.0
359.254	131.0
359.590	127.0
359.925	130.0
360.260	127.0
360.595	136.0
360.931	133.0
361.266	132.0
361.601	135.0
361.937	134.0
362.272	134.0
362.608	133.0
362.943	134.0
363.279	135.0
363.614	129.0
363.950	132.0
364.286	129.0
364.621	129.0
364.957	134.0
365.293	132.0
365.629	130.0
365.965	137.0
366.300	138.0
366.636	132.0
366.972	128.0
367.308	130.0
367.644	128.0
367.980	129.0
368.316	132.0
368.652	132.0
368.989	128.0
369.325	131.0
369.661	130.0
369.997	129.0
370.333	128.0
370.670	132.0
371.006	132.0
371.342	130.0
371.679	129.0
372.015	130.0
372.352	128.0
372.688	126.0
373.025	126.0
373.361	130.0
373.698	134.0
374.035	132.0
374.371	131.0
374.708	134.0
375.045	134.0
375.381	135.0
375.718	134.0
376.055	126.0
376.392	126.0
376.729	130.0
377.066	129.0
377.403	133.0
377.740	136.0
378.077	131.0
378.414	134.0
378.751	138.0
379.088	137.0
379.425	133.0
379.762	132.0
380.100	130.0
380.437	135.0
380.774	132.0
381.112	134.0
381.449	131.0
381.786	134.0
382.124	131.0
382.461	132.0
382.799	134.0
383.136	132.0
383.474	131.0
383.811	128.0
384.149	135.0
384.487	131.0
384.824	133.0
385.162	132.0
385.500	136.0
385.838	137.0
386.176	136.0
386.513	137.0
386.851	142.0
387.189	143.0
387.527	147.0
387.865	144.0
388.203	144.0
388.541	152.0
388.879	156.0
389.217	173.0
389.556	201.0
389.894	209.0
390.232	221.0
390.570	243.0
390.908	262.0
391.247	250.0
391.585	197.0
391.924	158.0
392.262	138.0
392.600	135.0
392.939	127.0
393.277	136.0
393.616	134.0
393.954	134.0
394.293	133.0
394.632	132.0
394.970	131.0
395.309	136.0
395.648	133.0
395.987	133.0
396.325	134.0
396.664	132.0
397.003	130.0
397.342	129.0
397.681	134.0
398.020	134.0
398.359	137.0
398.698	140.0
399.037	134.0
399.376	146.0
399.715	134.0
400.054	134.0
400.394	129.0
400.733	134.0
401.072	133.0
401.411	125.0
401.751	134.0
402.090	128.0
402.429	128.0
402.769	130.0
403.108	137.0
403.448	129.0
403.787	131.0
404.127	134.0
404.466	138.0
404.806	131.0
405.146	139.0
405.485	137.0
405.825	130.0
406.165	136.0
406.504	131.0
406.844	130.0
407.184	130.0
407.524	130.0
407.864	132.0
408.204	131.0
408.544	132.0
408.884	132.0
409.224	134.0
409.564	132.0
409.904	128.0
410.244	135.0
410.584	135.0
410.924	134.0
411.265	134.0
411.605	135.0
411.945	134.0
412.285	130.0
412.626	132.0
412.966	130.0
413.307	132.0
413.647	132.0
413.987	135.0
414.328	140.0
414.669	134.0
415.009	133.0
415.350	135.0
415.690	136.0
416.031	134.0
416.372	137.0
416.712	136.0
417.053	132.0
417.394	135.0
417.735	134.0
418.076	136.0
418.416	135.0
418.757	140.0
419.098	142.0
419.439	136.0
419.780	142.0
420.121	142.0
420.462	139.0
420.804	138.0
421.145	145.0
421.486	147.0
421.827	144.0
422.168	142.0
422.509	152.0
422.851	151.0
423.192	150.0
423.533	164.0
423.875	148.0
424.216	146.0
424.558	148.0
424.899	155.0
425.241	161.0
425.582	166.0
425.924	182.0
426.265	190.0
426.607	208.0
426.949	217.0
427.290	228.0
427.632	228.0
427.974	193.0
428.316	161.0
428.657	137.0
428.999	145.0
429.341	143.0
429.683	144.0
430.025	142.0
430.367	143.0
430.709	144.0
431.051	146.0
431.393	148.0
431.735	145.0
432.077	149.0
432.420	147.0
432.762	151.0
433.104	150.0
433.446	155.0
433.789	155.0
434.131	149.0
434.473	155.0
434.816	153.0
435.158	147.0
435.500	152.0
435.843	155.0
436.185	155.0
436.528	159.0
436.870	159.0
437.213	158.0
437.556	162.0
437.898	156.0
438.241	162.0
438.584	163.0
438.927	162.0
439.269	165.0
439.612	163.0
439.955	165.0
440.298	162.0
440.641	162.0
440.984	165.0
441.327	166.0
441.670	163.0
442.013	173.0
442.356	168.0
442.699	171.0
443.042	174.0
443.385	171.0
443.728	179.0
444.071	170.0
444.415	181.0
444.758	180.0
445.101	184.0
445.445	181.0
445.788	183.0
446.131	182.0
446.475	183.0
446.818	185.0
447.162	185.0
447.505	191.0
447.849	191.0
448.192	197.0
448.536	190.0
448.880	189.0
449.223	197.0
449.567	195.0
449.911	194.0
450.254	189.0
450.598	192.0
450.942	190.0
451.286	198.0
451.630	194.0
451.974	188.0
452.318	190.0
452.662	189.0
453.006	194.0
453.350	191.0
453.694	189.0
454.038	193.0
454.382	195.0
454.726	192.0
455.070	189.0
455.414	189.0
455.759	187.0
456.103	190.0
456.447	181.0
456.792	181.0
457.136	184.0
457.480	176.0
457.825	185.0
458.169	184.0
458.514	176.0
458.858	174.0
459.203	178.0
459.547	179.0
459.892	172.0
460.236	182.0
460.581	169.0
460.926	170.0
461.271	168.0
461.615	173.0
461.960	177.0
462.305	171.0
462.650	171.0
462.995	173.0
463.340	169.0
463.684	170.0
464.029	172.0
464.374	172.0
464.719	178.0
465.064	178.0
465.410	169.0
465.755	173.0
466.100	163.0
466.445	166.0
466.790	166.0
467.135	164.0
467.481	163.0
467.826	164.0
468.171	166.0
468.517	163.0
468.862	179.0
469.207	178.0
469.553	176.0
469.898	178.0
470.244	189.0
470.589	197.0
470.935	184.0
471.280	171.0
471.626	156.0
471.972	150.0
472.317	156.0
472.663	152.0
473.009	154.0
473.354	147.0
473.700	159.0
474.046	157.0
474.392	153.0
474.738	150.0
475.084	150.0
475.430	151.0
475.776	149.0
476.122	153.0
476.468	148.0
476.814	153.0
477.160	147.0
477.506	145.0
477.852	148.0
478.198	151.0
478.544	147.0
478.891	149.0
479.237	146.0
479.583	147.0
479.929	140.0
480.276	149.0
480.622	146.0
480.969	148.0
481.315	150.0
481.661	152.0
482.008	151.0
482.354	152.0
482.701	145.0
483.048	148.0
483.394	146.0
483.741	147.0
484.087	149.0
484.434	149.0
484.781	152.0
485.128	151.0
485.474	150.0
485.821	150.0
486.168	151.0
486.515	153.0
486.862	145.0
487.209	146.0
487.556	149.0
487.903	143.0
488.250	147.0
488.597	153.0
488.944	149.0
489.291	148.0
489.638	149.0
489.985	147.0
490.332	145.0
490.680	155.0
491.027	149.0
491.374	149.0
491.721	150.0
492.069	152.0
492.416	151.0
492.763	151.0
493.111	146.0
493.458	156.0
493.806	156.0
494.153	155.0
494.501	153.0
494.848	151.0
495.196	154.0
495.544	152.0
495.891	153.0
496.239	159.0
496.587	155.0
496.934	151.0
497.282	160.0
497.630	157.0
497.978	158.0
498.325	154.0
498.673	157.0
499.021	158.0
499.369	161.0
499.717	160.0
500.065	162.0
500.413	164.0
500.761	160.0
501.109	165.0
501.457	161.0
501.805	164.0
502.154	162.0
502.502	157.0
502.850	163.0
503.198	162.0
503.547	157.0
503.895	164.0
504.243	164.0
504.591	168.0
504.940	166.0
505.288	162.0
505.637	170.0
505.985	167.0
506.334	171.0
506.682	169.0
507.031	168.0
507.379	172.0
507.728	168.0
508.077	165.0
508.425	171.0
508.774	173.0
509.123	174.0
509.471	170.0
509.820	170.0
510.169	169.0
510.518	168.0
510.867	173.0
511.216	174.0
511.564	180.0
511.913	177.0
512.262	172.0
512.611	179.0
512.960	177.0
513.309	178.0
513.659	177.0
514.008	179.0
514.357	180.0
514.706	181.0
515.055	183.0
515.404	181.0
515.754	176.0
516.103	183.0
516.452	175.0
516.801	191.0
517.151	181.0
517.500	181.0
517.850	182.0
518.199	184.0
518.549	178.0
518.898	185.0
519.248	181.0
519.597	183.0
519.947	183.0
520.296	190.0
520.646	189.0
520.996	188.0
521.345	190.0
521.695	184.0
522.045	185.0
522.395	187.0
522.744	192.0
523.094	190.0
523.444	190.0
523.794	188.0
524.144	190.0
524.494	190.0
524.844	188.0
525.194	187.0
525.544	189.0
525.894	195.0
526.244	194.0
526.594	196.0
526.944	192.0
527.294	185.0
527.644	187.0
527.995	183.0
528.345	187.0
528.695	188.0
529.045	196.0
529.396	188.0
529.746	189.0
530.097	190.0
530.447	188.0
530.797	195.0
531.148	189.0
531.498	188.0
531.849	193.0
532.199	207.0
532.550	197.0
532.901	192.0
533.251	196.0
533.602	199.0
533.952	195.0
534.303	199.0
534.654	191.0
535.005	193.0
535.355	196.0
535.706	197.0
536.057	191.0
536.408	190.0
536.759	197.0
537.110	198.0
537.461	197.0
537.812	198.0
538.163	199.0
538.514	196.0
538.865	200.0
539.216	192.0
539.567	206.0
539.918	201.0
540.269	200.0
540.620	192.0
540.972	196.0
541.323	195.0
541.674	199.0
542.025	199.0
542.377	201.0
542.728	200.0
543.080	200.0
543.431	198.0
543.782	198.0
544.134	191.0
544.485	198.0
544.837	189.0
545.188	186.0
545.540	186.0
545.892	195.0
546.243	190.0
546.595	195.0
546.946	189.0
547.298	196.0
547.650	193.0
548.002	195.0
548.353	193.0
548.705	203.0
549.057	199.0
549.409	201.0
549.761	198.0
550.113	203.0
550.465	205.0
550.817	203.0
551.169	208.0
551.521	209.0
551.873	209.0
552.225	211.0
552.577	213.0
552.929	203.0
553.281	215.0
553.633	212.0
553.985	210.0
554.338	210.0
554.690	204.0
555.042	210.0
555.394	210.0
555.747	208.0
556.099	207.0
556.452	212.0
556.804	208.0
557.156	206.0
557.509	209.0
557.861	206.0
558.214	212.0
558.566	209.0
558.919	211.0
559.272	211.0
559.624	203.0
559.977	207.0
560.330	211.0
560.682	206.0
561.035	205.0
561.388	210.0
561.740	207.0
562.093	207.0
562.446	206.0
562.799	209.0
563.152	205.0
563.505	205.0
563.858	203.0
564.211	203.0
564.564	207.0
564.917	211.0
565.270	208.0
565.623	205.0
565.976	209.0
566.329	206.0
566.682	213.0
567.035	214.0
567.388	212.0
567.742	212.0
568.095	214.0
568.448	213.0
568.801	212.0
569.155	208.0
569.508	208.0
569.861	210.0
570.215	207.0
570.568	207.0
570.922	211.0
571.275	212.0
571.629	210.0
571.982	208.0
572.336	216.0
572.689	211.0
573.043	214.0
573.397	218.0
573.750	217.0
574.104	223.0
574.458	216.0
574.811	213.0
575.165	221.0
575.519	215.0
575.873	216.0
576.227	215.0
576.580	215.0
576.934	226.0
577.288	213.0
577.642	214.0
577.996	221.0
578.350	217.0
578.704	212.0
579.058	216.0
579.412	216.0
579.766	217.0
580.120	219.0
580.475	215.0
580.829	218.0
581.183	214.0
581.537	216.0
581.891	214.0
582.246	215.0
582.600	218.0
582.954	218.0
583.309	224.0
583.663	217.0
584.017	222.0
584.372	220.0
584.726	216.0
585.081	218.0
585.435	220.0
585.790	211.0
586.144	209.0
586.499	214.0
586.853	220.0
587.208	223.0
587.563	213.0
587.917	220.0
588.272	221.0
588.627	219.0
588.982	220.0
589.336	216.0
589.691	217.0
590.046	215.0
590.401	213.0
590.756	215.0
591.111	213.0
591.465	209.0
591.820	214.0
592.175	206.0
592.530	215.0
592.885	211.0
593.240	217.0
593.595	214.0
593.951	220.0
594.306	213.0
594.661	208.0
595.016	215.0
595.371	213.0
595.726	214.0
596.082	210.0
596.437	214.0
596.792	207.0
597.148	207.0
597.503	211.0
597.858	213.0
598.214	213.0
598.569	211.0
598.924	215.0
599.280	208.0
599.635	212.0
599.991	213.0
600.346	217.0
600.702	210.0
601.058	221.0
601.413	212.0
601.769	202.0
602.125	204.0
602.480	204.0
602.836	200.0
603.192	204.0
603.547	207.0
603.903	204.0
604.259	206.0
604.615	201.0
604.971	203.0
605.327	201.0
605.683	203.0
606.038	196.0
606.394	204.0
606.750	200.0
607.106	205.0
607.462	208.0
607.818	196.0
608.175	192.0
608.531	208.0
608.887	189.0
609.243	193.0
609.599	188.0
609.955	202.0
610.312	196.0
610.668	194.0
611.024	189.0
611.380	190.0
611.737	192.0
612.093	183.0
612.449	195.0
612.806	196.0
613.162	189.0
613.519	186.0
613.875	187.0
614.232	193.0
614.588	184.0
614.945	189.0
615.301	192.0
615.658	194.0
616.014	195.0
616.371	198.0
616.728	187.0
617.084	187.0
617.441	183.0
617.798	185.0
618.155	183.0
618.511	180.0
618.868	185.0
619.225	185.0
619.582	181.0
619.939	177.0
620.296	181.0
620.652	177.0
621.009	180.0
621.366	179.0
621.723	181.0
622.080	182.0
622.437	178.0
622.795	179.0
623.152	178.0
623.509	174.0
623.866	182.0
624.223	181.0
624.580	181.0
624.937	186.0
625.295	174.0
625.652	177.0
626.009	179.0
626.366	176.0
626.724	175.0
627.081	178.0
627.439	175.0
627.796	177.0
628.153	180.0
628.511	171.0
628.868	175.0
629.226	182.0
629.583	178.0
629.941	181.0
630.298	177.0
630.656	173.0
631.014	172.0
631.371	166.0
631.729	169.0
632.086	173.0
632.444	171.0
632.802	175.0
633.160	169.0
633.517	175.0
633.875	172.0
634.233	176.0
634.591	177.0
634.949	171.0
635.307	170.0
635.665	174.0
636.022	171.0
636.380	173.0
636.738	172.0
637.096	170.0
637.454	166.0
637.813	174.0
638.171	169.0
638.529	178.0
638.887	171.0
639.245	169.0
639.603	164.0
639.961	167.0
640.320	165.0
640.678	168.0
641.036	168.0
641.394	165.0
641.753	161.0
642.111	166.0
642.469	169.0
642.828	164.0
643.186	164.0
643.544	165.0
643.903	169.0
644.261	173.0
644.620	171.0
644.978	171.0
645.337	165.0
645.695	177.0
646.054	173.0
646.413	167.0
646.771	161.0
647.130	166.0
647.489	161.0
647.847	166.0
648.206	162.0
648.565	162.0
648.924	168.0
649.282	166.0
649.641	167.0
650.000	165.0
650.359	170.0
650.718	174.0
651.077	169.0
651.436	170.0
651.794	169.0
652.153	179.0
652.512	167.0
652.871	180.0
653.230	177.0
653.590	164.0
653.949	173.0
654.308	170.0
654.667	171.0
655.026	167.0
655.385	167.0
655.744	182.0
656.104	186.0
656.463	192.0
656.822	193.0
657.181	179.0
657.541	173.0
657.900	165.0
658.259	171.0
658.619	179.0
658.978	179.0
659.338	184.0
659.697	177.0
660.057	175.0
660.416	174.0
660.776	182.0
661.135	177.0
661.495	179.0
661.854	177.0
662.214	175.0
662.573	172.0
662.933	166.0
663.293	167.0
663.652	161.0
664.012	155.0
664.372	160.0
664.732	164.0
665.091	156.0
665.451	162.0
665.811	166.0
666.171	162.0
666.531	164.0
666.891	169.0
667.251	168.0
667.610	174.0
667.970	171.0
668.330	167.0
668.690	175.0
669.050	170.0
669.410	167.0
669.771	177.0
670.131	167.0
670.491	167.0
670.851	169.0
671.211	159.0
671.571	159.0
671.931	149.0
672.292	159.0
672.652	150.0
673.012	150.0
673.372	153.0
673.733	155.0
674.093	153.0
674.453	160.0
674.814	156.0
675.174	160.0
675.535	166.0
675.895	166.0
676.255	169.0
676.616	167.0
676.976	163.0
677.337	158.0
677.698	155.0
678.058	159.0
678.419	155.0
678.779	166.0
679.140	152.0
679.501	157.0
679.861	148.0
680.222	151.0
680.583	148.0
680.943	151.0
681.304	145.0
681.665	153.0
682.026	140.0
682.387	146.0
682.747	141.0
683.108	144.0
683.469	142.0
683.830	144.0
684.191	153.0
684.552	147.0
684.913	151.0
685.274	144.0
685.635	146.0
685.996	145.0
686.357	151.0
686.718	146.0
687.079	144.0
687.440	147.0
687.802	137.0
688.163	148.0
688.524	138.0
688.885	143.0
689.246	142.0
689.608	134.0
689.969	137.0
690.330	146.0
690.692	142.0
691.053	133.0
691.414	133.0
691.776	136.0
692.137	138.0
692.499	144.0
692.860	142.0
693.221	136.0
693.583	134.0
693.944	138.0
694.306	139.0
694.668	141.0
695.029	139.0
695.391	136.0
695.752	138.0
696.114	134.0
696.476	132.0
696.837	133.0
697.199	141.0
697.561	137.0
697.923	139.0
698.284	130.0
698.646	139.0
699.008	135.0
699.370	143.0
699.732	127.0
700.093	144.0
700.455	139.0
700.817	138.0
701.179	141.0
701.541	141.0
701.903	145.0
702.265	138.0
702.627	136.0
702.989	131.0
703.351	134.0
703.713	139.0
704.075	153.0
704.438	135.0
704.800	133.0
705.162	137.0
705.524	132.0
705.886	132.0
706.248	134.0
706.611	138.0
706.973	144.0
707.335	137.0
707.698	149.0
708.060	133.0
708.422	137.0
708.785	131.0
709.147	138.0
709.509	136.0
709.872	140.0
710.234	139.0
710.597	139.0
710.959	140.0
711.322	133.0
711.684	134.0
712.047	140.0
712.409	140.0
712.772	131.0
713.135	143.0
713.497	143.0
713.860	141.0
714.223	141.0
714.585	131.0
714.948	141.0
715.311	138.0
715.674	141.0
716.036	145.0
716.399	142.0
716.762	138.0
717.125	136.0
717.488	136.0
717.850	136.0
718.213	135.0
718.576	138.0
718.939	135.0
719.302	136.0
719.665	138.0
720.028	135.0
720.391	137.0
720.754	141.0
721.117	146.0
721.480	136.0
721.844	142.0
722.207	143.0
722.570	145.0
722.933	140.0
723.296	143.0
723.659	147.0
724.023	157.0
724.386	144.0
724.749	153.0
725.112	154.0
725.476	146.0
725.839	150.0
726.202	149.0
726.566	151.0
726.929	154.0
727.292	150.0
727.656	153.0
728.019	146.0
728.383	145.0
728.746	145.0
729.110	142.0
729.473	142.0
729.837	143.0
730.200	138.0
730.564	135.0
730.928	139.0
731.291	136.0
731.655	139.0
732.019	138.0
732.382	145.0
732.746	148.0
733.110	151.0
733.473	148.0
733.837	165.0
734.201	150.0
734.565	154.0
734.929	159.0
735.292	152.0
735.656	158.0
736.020	157.0
736.384	164.0
736.748	163.0
737.112	155.0
737.476	158.0
737.840	156.0
738.204	154.0
738.568	157.0
738.932	148.0
739.296	155.0
739.660	153.0
740.024	141.0
740.388	145.0
740.752	139.0
741.116	143.0
741.481	143.0
741.845	140.0
742.209	143.0
742.573	148.0
742.938	144.0
743.302	152.0
743.666	152.0
744.030	159.0
744.395	164.0
744.759	162.0
745.123	172.0
745.488	164.0
745.852	168.0
746.217	172.0
746.581	171.0
746.946	182.0
747.310	181.0
747.675	177.0
748.039	170.0
748.404	172.0
748.768	170.0
749.133	180.0
749.497	173.0
749.862	173.0
750.227	171.0
750.591	172.0
750.956	170.0
751.321	167.0
751.685	152.0
752.050	146.0
752.415	149.0
752.780	147.0
753.144	142.0
753.509	142.0
753.874	134.0
754.239	136.0
754.604	142.0
754.969	141.0
755.333	145.0
755.698	145.0
756.063	144.0
756.428	149.0
756.793	154.0
757.158	161.0
757.523	168.0
757.888	172.0
758.253	164.0
758.618	170.0
758.983	169.0
759.349	182.0
759.714	160.0
760.079	166.0
760.444	170.0
760.809	171.0
761.174	170.0
761.540	172.0
761.905	183.0
762.270	176.0
762.635	174.0
763.001	176.0
763.366	164.0
763.731	151.0
764.097	147.0
764.462	147.0
764.827	147.0
765.193	137.0
765.558	142.0
765.924	137.0
766.289	142.0
766.655	139.0
767.020	135.0
767.386	139.0
767.751	146.0
768.117	152.0
768.482	148.0
768.848	150.0
769.214	152.0
769.579	152.0
769.945	157.0
770.310	174.0
770.676	167.0
771.042	175.0
771.408	167.0
771.773	171.0
772.139	170.0
772.505	161.0
772.871	163.0
773.236	169.0
773.602	171.0
773.968	179.0
774.334	176.0
774.700	179.0
775.066	178.0
775.432	175.0
775.798	169.0
776.164	162.0
776.530	156.0
776.896	154.0
777.262	237.0
777.628	396.0
777.994	456.0
778.360	336.0
778.726	183.0
779.092	137.0
779.458	138.0
779.824	135.0
780.190	135.0
780.556	137.0
780.923	135.0
781.289	135.0
781.655	135.0
782.021	134.0
782.388	131.0
782.754	128.0
783.120	133.0
783.487	136.0
783.853	140.0
784.219	132.0
784.586	136.0
784.952	132.0
785.318	135.0
785.685	128.0
786.051	132.0
786.418	134.0
786.784	136.0
787.151	133.0
787.517	134.0
787.884	139.0
788.250	137.0
788.617	133.0
788.983	131.0
789.350	136.0
789.717	137.0
790.083	131.0
790.450	131.0
790.817	132.0
791.183	136.0
791.550	141.0
791.917	130.0
792.283	137.0
792.650	135.0
793.017	135.0
793.384	132.0
793.751	128.0
794.117	127.0
794.484	137.0
794.851	128.0
795.218	142.0
795.585	128.0
795.952	127.0
796.319	135.0
796.686	124.0
797.053	128.0
797.420	128.0
797.787	124.0
798.154	126.0
798.521	128.0
798.888	132.0
799.255	133.0
799.622	132.0
799.989	127.0
800.356	133.0
800.723	134.0
801.091	132.0
801.458	128.0
801.825	135.0
802.192	125.0
802.559	134.0
802.927	136.0
803.294	135.0
803.661	134.0
804.028	131.0
804.396	128.0
804.763	125.0
805.130	130.0
805.498	133.0
805.865	127.0
806.233	139.0
806.600	134.0
806.967	137.0
807.335	129.0
807.702	131.0
808.070	131.0
808.437	128.0
808.805	140.0
809.172	141.0
809.540	130.0
809.908	131.0
810.275	132.0
810.643	140.0
811.010	135.0
811.378	133.0
811.746	139.0
812.113	140.0
812.481	129.0
812.849	125.0
813.216	141.0
813.584	138.0
813.952	130.0
814.320	130.0
814.688	136.0
815.055	133.0
815.423	134.0
815.791	131.0
816.159	131.0
816.527	131.0
816.895	133.0
817.263	132.0
817.630	139.0
817.998	125.0
818.366	128.0
818.734	134.0
819.102	145.0
819.470	144.0
819.838	137.0
820.206	131.0
820.574	136.0
820.943	133.0
821.311	140.0
821.679	145.0
822.047	162.0
822.415	158.0
822.783	155.0
823.151	139.0
823.520	132.0
823.888	135.0
824.256	137.0
824.624	142.0
824.992	138.0
825.361	135.0
825.729	125.0
826.097	124.0
826.466	125.0
826.834	130.0
827.202	130.0
827.571	133.0
827.939	136.0
828.307	138.0
828.676	137.0
829.044	131.0
829.413	139.0
829.781	127.0
830.150	133.0
830.518	138.0
830.887	141.0
831.255	126.0
831.624	127.0
831.992	131.0
832.361	130.0
832.730	134.0
833.098	131.0
833.467	128.0
833.835	126.0
834.204	129.0
834.573	131.0
834.941	140.0
835.310	132.0
835.679	131.0
836.048	134.0
836.416	127.0
836.785	134.0
837.154	130.0
837.523	137.0
837.892	150.0
838.260	133.0
838.629	130.0
838.998	126.0
839.367	133.0
839.736	133.0
840.105	128.0
840.474	131.0
840.843	131.0
841.212	137.0
841.581	130.0
841.950	130.0
842.319	129.0
842.688	143.0
843.057	137.0
843.426	139.0
843.795	134.0
844.164	135.0
844.533	141.0
844.902	160.0
845.271	183.0
845.641	177.0
846.010	141.0
846.379	136.0
846.748	131.0
847.117	139.0
847.487	130.0
847.856	133.0
848.225	137.0
848.594	136.0
848.964	137.0
849.333	128.0
849.702	132.0
850.072	128.0
850.441	134.0
850.810	128.0
851.180	133.0
851.549	137.0
851.918	132.0
852.288	136.0
852.657	146.0
853.027	134.0
853.396	133.0
853.766	135.0
854.135	140.0
854.505	137.0
854.874	129.0
855.244	135.0
855.614	134.0
855.983	133.0
856.353	140.0
856.722	129.0
857.092	136.0
857.462	131.0
857.831	131.0
858.201	129.0
858.571	132.0
858.940	133.0
859.310	133.0
859.680	139.0
860.050	128.0
860.419	131.0
860.789	141.0
861.159	132.0
861.529	138.0
861.899	139.0
862.268	131.0
862.638	135.0
863.008	141.0
863.378	142.0
863.748	152.0
864.118	141.0
864.488	139.0
864.858	146.0
865.228	140.0
865.598	134.0
865.968	150.0
866.338	148.0
866.708	147.0
867.078	149.0
867.448	149.0
867.818	149.0
868.188	161.0
868.558	178.0
868.928	187.0
869.298	177.0
869.668	157.0
870.039	150.0
870.409	151.0
870.779	163.0
871.149	152.0
871.519	151.0
871.890	157.0
872.260	150.0
872.630	150.0
873.000	149.0
873.371	139.0
873.741	141.0
874.111	139.0
874.482	140.0
874.852	132.0
875.222	132.0
875.593	129.0
875.963	137.0
876.333	137.0
876.704	134.0
877.074	132.0
877.445	128.0
877.815	130.0
878.186	134.0
878.556	133.0
878.927	137.0
879.297	135.0
879.668	137.0
880.038	131.0
880.409	129.0
880.780	129.0
881.150	139.0
881.521	133.0
881.891	134.0
882.262	133.0
882.633	140.0
883.003	146.0
883.374	144.0
883.745	143.0
884.115	144.0
884.486	142.0
884.857	145.0
885.228	155.0
885.598	148.0
885.969	150.0
886.340	145.0
886.711	139.0
887.082	146.0
887.452	145.0
887.823	147.0
888.194	151.0
888.565	139.0
888.936	146.0
889.307	143.0
889.678	162.0
890.049	140.0
890.420	147.0
890.791	146.0
891.162	148.0
891.533	146.0
891.904	144.0
892.275	140.0
892.646	139.0
893.017	134.0
893.388	132.0
893.759	145.0
894.130	143.0
894.501	136.0
894.872	134.0
895.243	132.0
895.614	132.0
895.986	130.0
896.357	133.0
896.728	136.0
897.099	131.0
897.470	129.0
897.842	136.0
898.213	132.0
898.584	135.0
898.955	134.0
899.327	134.0
899.698	137.0
900.069	135.0
900.441	134.0
900.812	130.0
901.183	136.0
901.555	135.0
901.926	138.0
902.297	124.0
902.669	137.0
903.040	128.0
903.412	133.0
903.783	128.0
904.155	130.0
904.526	131.0
904.897	130.0
905.269	133.0
905.641	136.0
906.012	135.0
906.384	131.0
906.755	130.0
907.127	128.0
907.498	128.0
907.870	129.0
908.241	124.0
908.613	130.0
908.985	130.0
909.356	132.0
909.728	125.0
910.100	132.0
910.471	130.0
910.843	135.0
911.215	138.0
911.587	131.0
911.958	126.0
912.330	133.0
912.702	131.0
913.074	133.0
913.445	137.0
913.817	131.0
914.189	131.0
914.561	131.0
914.933	136.0
915.305	134.0
915.676	130.0
916.048	138.0
916.420	133.0
916.792	136.0
917.164	136.0
917.536	133.0
917.908	135.0
918.280	135.0
918.652	132.0
919.024	126.0
919.396	132.0
919.768	133.0
920.140	129.0
920.512	127.0
920.884	127.0
921.256	134.0
921.628	133.0
922.000	136.0
922.372	136.0
922.745	144.0
923.117	132.0
923.489	137.0
923.861	137.0
924.233	130.0
924.605	133.0
924.978	125.0
925.350	131.0
925.722	131.0
926.094	147.0
926.467	130.0
926.839	149.0
927.211	146.0
927.583	141.0
927.956	137.0
928.328	132.0
928.700	132.0
929.073	129.0
929.445	130.0
929.817	132.0
930.190	129.0
930.562	138.0
930.935	134.0
931.307	135.0
931.679	140.0
932.052	130.0
932.424	134.0
932.797	135.0
933.169	133.0
933.542	133.0
933.914	128.0
934.287	134.0
934.659	129.0
935.032	137.0
935.404	139.0
935.777	133.0
936.149	128.0
936.522	131.0
936.895	130.0
937.267	139.0
937.640	133.0
938.013	136.0
938.385	130.0
938.758	137.0
939.131	136.0
939.503	147.0
939.876	149.0
940.249	145.0
940.621	133.0
940.994	128.0
941.367	134.0
941.740	137.0
942.112	135.0
942.485	139.0
942.858	137.0
943.231	137.0
943.604	140.0
943.976	130.0
944.349	134.0
944.722	132.0
945.095	135.0
945.468	137.0
945.841	138.0
946.214	131.0
946.587	131.0
946.960	141.0
947.333	137.0
947.706	127.0
948.078	133.0
948.451	139.0
948.824	129.0
949.197	137.0
949.570	129.0
949.944	130.0
950.317	129.0
950.690	132.0
951.063	128.0
951.436	134.0
951.809	135.0
952.182	133.0
952.555	128.0
952.928	137.0
953.301	132.0
953.674	132.0
954.048	136.0
954.421	135.0
954.794	130.0
955.167	135.0
955.540	132.0
955.914	130.0
956.287	137.0
956.660	140.0
957.033	135.0
957.407	135.0
957.780	136.0
958.153	137.0
958.526	144.0
958.900	130.0
959.273	133.0
959.646	136.0
960.020	137.0
960.393	132.0
960.766	127.0
961.140	139.0
961.513	132.0
961.887	135.0
962.260	135.0
962.634	136.0
963.007	131.0
963.380	128.0
963.754	135.0
964.127	137.0
964.501	134.0
964.874	133.0
965.248	136.0
965.621	130.0
965.995	135.0
966.368	142.0
966.742	130.0
967.116	135.0
967.489	134.0
967.863	142.0
968.236	132.0
968.610	134.0
968.984	136.0
969.357	131.0
969.731	131.0
970.104	129.0
970.478	136.0
970.852	133.0
971.225	140.0
971.599	134.0
971.973	131.0
972.347	135.0
972.720	127.0
973.094	134.0
973.468	130.0
973.842	132.0
974.215	132.0
974.589	138.0
974.963	130.0
975.337	134.0
975.711	135.0
976.084	140.0
976.458	134.0
976.832	124.0
977.206	131.0
977.580	128.0
977.954	133.0
978.328	133.0
978.702	138.0
979.075	131.0
979.449	146.0
979.823	133.0
980.197	135.0
980.571	136.0
980.945	133.0
981.319	134.0
981.693	131.0
982.067	135.0
982.441	144.0
982.815	135.0
983.189	136.0
983.563	143.0
983.937	138.0
984.311	137.0
984.686	134.0
985.060	145.0
985.434	135.0
985.808	133.0
986.182	128.0
986.556	139.0
986.930	129.0
987.304	134.0
987.679	126.0
988.053	136.0
988.427	130.0
988.801	148.0
989.175	128.0
989.550	130.0
989.924	132.0
990.298	130.0
990.672	133.0
991.047	131.0
991.421	132.0
991.795	135.0
992.169	138.0
992.544	127.0
992.918	135.0
993.292	136.0
993.667	131.0
994.041	141.0
994.415	130.0
994.790	133.0
995.164	133.0
995.538	138.0
995.913	132.0
996.287	135.0
996.662	136.0
997.036	135.0
997.411	141.0
997.785	130.0
998.159	136.0
998.534	139.0
998.908	141.0
999.283	133.0
999.657	130.0
1000.032	132.0
1000.406	137.0
1000.781	137.0
1001.156	135.0
1001.530	129.0
1001.905	140.0
1002.279	130.0
1002.654	139.0
1003.028	136.0
1003.403	136.0
1003.778	132.0
1004.152	140.0
1004.527	135.0
1004.901	133.0
1005.276	134.0
1005.651	136.0
1006.025	136.0
1006.400	133.0
1006.775	125.0
1007.150	137.0
1007.524	139.0
1007.899	136.0
1008.274	132.0
1008.648	142.0
1009.023	139.0
1009.398	130.0
1009.773	134.0
1010.147	136.0
1010.522	139.0
1010.897	128.0
1011.272	123.0
1011.647	132.0
1012.021	135.0
1012.396	131.0
1012.771	133.0
1013.146	131.0
1013.521	137.0
1013.896	126.0
1014.271	138.0
1014.646	134.0
1015.020	130.0
1015.395	127.0
1015.770	131.0
1016.145	131.0
1016.520	131.0
1016.895	135.0
1017.270	135.0
1017.645	137.0
1018.020	135.0
1018.395	133.0
1018.770	133.0
1019.145	131.0
1019.520	134.0
1019.895	133.0
1020.270	133.0
1020.645	127.0
1021.020	131.0
1021.395	133.0
1021.770	135.0
1022.145	136.0
1022.521	143.0
1022.896	137.0
1023.271	135.0
1023.646	132.0
1024.021	135.0
1024.396	139.0
1024.771	128.0
1025.146	126.0
1025.522	136.0
1025.897	138.0
1026.272	130.0
1026.647	132.0
1027.022	139.0
1027.398	139.0
1027.773	139.0
1028.148	143.0
1028.523	131.0
1028.899	134.0
1029.274	132.0
1029.649	140.0
1030.024	144.0
1030.400	133.0
1030.775	136.0
1031.150	139.0
1031.526	134.0
1031.901	130.0
1032.276	152.0
1032.652	131.0
1033.027	136.0
1033.402	137.0
1033.778	132.0
1034.153	133.0
1034.528	141.0
1034.904	139.0
1035.279	134.0
1035.655	140.0
1036.030	146.0
1036.405	144.0
1036.781	144.0
1037.156	140.0
1037.532	142.0
1037.907	135.0
1038.283	138.0
1038.658	141.0
1039.034	136.0
1039.409	140.0
1039.785	140.0
1040.160	142.0
1040.536	143.0
1040.911	145.0
1041.287	131.0
1041.662	140.0
1042.038	138.0
1042.414	145.0
1042.789	145.0
1043.165	139.0
1043.540	146.0
1043.916	134.0
1044.292	136.0
1044.667	139.0
1045.043	140.0
1045.418	144.0
1045.794	143.0
1046.170	134.0
1046.545	134.0
1046.921	143.0
1047.297	131.0
1047.672	136.0
1048.048	139.0
1048.424	129.0
1048.800	140.0
1049.175	149.0
1049.551	145.0
1049.927	149.0
1050.303	137.0
1050.678	135.0
1051.054	146.0
1051.430	149.0
1051.806	141.0
1052.181	141.0
1052.557	140.0
1052.933	143.0
1053.309	147.0
1053.685	147.0
1054.061	154.0
1054.436	157.0
1054.812	145.0
1055.188	144.0
1055.564	150.0
1055.940	138.0
1056.316	146.0
1056.692	142.0
1057.067	143.0
1057.443	144.0
1057.819	147.0
1058.195	141.0
1058.571	143.0
1058.947	145.0
1059.323	137.0
1059.699	153.0
1060.075	138.0
1060.451	142.0
1060.827	137.0
1061.203	133.0
1061.579	158.0
1061.955	149.0
1062.331	140.0
1062.707	142.0
