328.563	119.0
328.895	125.0
329.227	129.0
329.559	124.0
329.892	123.0
330.224	126.0
330.556	122.0
330.888	124.0
331.220	125.0
331.553	133.0
331.885	126.0
332.217	124.0
332.550	128.0
332.882	128.0
333.215	124.0
333.547	128.0
333.880	133.0
334.212	128.0
334.545	131.0
334.878	130.0
335.210	124.0
335.543	127.0
335.876	126.0
336.209	124.0
336.541	130.0
336.874	127.0
337.207	126.0
337.540	129.0
337.873	132.0
338.206	127.0
338.539	127.0
338.872	127.0
339.205	129.0
339.538	132.0
339.872	127.0
340.205	124.0
340.538	130.0
340.871	127.0
341.205	132.0
341.538	130.0
341.871	132.0
342.205	129.0
342.538	124.0
342.872	130.0
343.205	126.0
343.539	129.0
343.872	124.0
344.206	127.0
344.540	126.0
344.873	126.0
345.207	129.0
345.541	133.0
345.875	127.0
346.208	134.0
346.542	130.0
346.876	132.0
347.210	128.0
347.544	132.0
347.878	129.0
348.212	130.0
348.546	132.0
348.880	131.0
349.214	138.0
349.549	129.0
349.883	133.0
350.217	131.0
350.551	134.0
350.886	128.0
351.220	135.0
351.554	126.0
351.889	132.0
352.223	132.0
352.558	135.0
352.892	137.0
353.227	137.0
353.561	142.0
353.896	130.0
354.231	133.0
354.565	127.0
354.900	128.0
355.235	134.0
355.569	136.0
355.904	138.0
356.239	140.0
356.574	149.0
356.909	145.0
357.244	145.0
357.579	142.0
357.914	140.0
358.249	136.0
358.584	136.0
358.919	134.0
359.254	133.0
359.590	128.0
359.925	135.0
360.260	133.0
360.595	132.0
360.931	134.0
361.266	132.0
361.601	132.0
361.937	136.0
362.272	134.0
362.608	134.0
362.943	135.0
363.279	133.0
363.614	132.0
363.950	133.0
364.286	133.0
364.621	128.0
364.957	133.0
365.293	133.0
365.629	136.0
365.965	133.0
366.300	132.0
366.636	131.0
366.972	132.0
367.308	129.0
367.644	130.0
367.980	125.0
368.316	129.0
368.652	133.0
368.989	130.0
369.325	134.0
369.661	125.0
369.997	129.0
370.333	134.0
370.670	132.0
371.006	130.0
371.342	127.0
371.679	129.0
372.015	133.0
372.352	130.0
372.688	129.0
373.025	131.0
373.361	132.0
373.698	132.0
374.035	134.0
374.371	136.0
374.708	136.0
375.045	134.0
375.381	135.0
375.718	132.0
376.055	133.0
376.392	124.0
376.729	137.0
377.066	129.0
377.403	133.0
377.740	129.0
378.077	136.0
378.414	133.0
378.751	133.0
379.088	137.0
379.425	138.0
379.762	138.0
380.100	137.0
380.437	140.0
380.774	133.0
381.112	134.0
381.449	132.0
381.786	134.0
382.124	133.0
382.461	134.0
382.799	134.0
383.136	133.0
383.474	131.0
383.811	128.0
384.149	133.0
384.487	133.0
384.824	132.0
385.162	138.0
385.500	129.0
385.838	140.0
386.176	136.0
386.513	137.0
386.851	143.0
387.189	141.0
387.527	148.0
387.865	147.0
388.203	151.0
388.541	157.0
388.879	169.0
389.217	181.0
389.556	212.0
389.894	227.0
390.232	245.0
390.570	276.0
390.908	288.0
391.247	272.0
391.585	218.0
391.924	167.0
392.262	138.0
392.600	135.0
392.939	135.0
393.277	135.0
393.616	132.0
393.954	134.0
394.293	135.0
394.632	130.0
394.970	133.0
395.309	133.0
395.648	131.0
395.987	131.0
396.325	130.0
396.664	131.0
397.003	129.0
397.342	129.0
397.681	132.0
398.020	137.0
398.359	136.0
398.698	136.0
399.037	140.0
399.376	143.0
399.715	136.0
400.054	137.0
400.394	133.0
400.733	134.0
401.072	131.0
401.411	133.0
401.751	128.0
402.090	136.0
402.429	135.0
402.769	131.0
403.108	133.0
403.448	129.0
403.787	130.0
404.127	135.0
404.466	138.0
404.806	134.0
405.146	143.0
405.485	138.0
405.825	133.0
406.165	136.0
406.504	135.0
406.844	131.0
407.184	130.0
407.524	133.0
407.864	131.0
408.204	133.0
408.544	133.0
408.884	133.0
409.224	135.0
409.564	135.0
409.904	130.0
410.244	133.0
410.584	134.0
410.924	134.0
411.265	131.0
411.605	133.0
411.945	131.0
412.285	132.0
412.626	134.0
412.966	132.0
413.307	133.0
413.647	139.0
413.987	133.0
414.328	134.0
414.669	135.0
415.009	132.0
415.350	137.0
415.690	133.0
416.031	138.0
416.372	133.0
416.712	138.0
417.053	133.0
417.394	139.0
417.735	137.0
418.076	141.0
418.416	141.0
418.757	138.0
419.098	145.0
419.439	139.0
419.780	141.0
420.121	144.0
420.462	142.0
420.804	144.0
421.145	145.0
421.486	148.0
421.827	150.0
422.168	147.0
422.509	153.0
422.851	156.0
423.192	155.0
423.533	168.0
423.875	149.0
424.216	152.0
424.558	153.0
424.899	158.0
425.241	173.0
425.582	181.0
425.924	196.0
426.265	208.0
426.607	218.0
426.949	243.0
427.290	251.0
427.632	249.0
427.974	206.0
428.316	166.0
428.657	147.0
428.999	143.0
429.341	147.0
429.683	142.0
430.025	146.0
430.367	145.0
430.709	150.0
431.051	146.0
431.393	147.0
431.735	149.0
432.077	152.0
432.420	150.0
432.762	154.0
433.104	154.0
433.446	157.0
433.789	157.0
434.131	158.0
434.473	157.0
434.816	157.0
435.158	155.0
435.500	153.0
435.843	153.0
436.185	157.0
436.528	154.0
436.870	163.0
437.213	163.0
437.556	162.0
437.898	165.0
438.241	169.0
438.584	158.0
438.927	163.0
439.269	166.0
439.612	166.0
439.955	171.0
440.298	171.0
440.641	169.0
440.984	170.0
441.327	173.0
441.670	172.0
442.013	176.0
442.356	176.0
442.699	178.0
443.042	180.0
443.385	175.0
443.728	173.0
444.071	183.0
444.415	181.0
444.758	186.0
445.101	184.0
445.445	187.0
445.788	191.0
446.131	192.0
446.475	195.0
446.818	190.0
447.162	192.0
447.505	196.0
447.849	192.0
448.192	201.0
448.536	201.0
448.880	197.0
449.223	201.0
449.567	199.0
449.911	195.0
450.254	201.0
450.598	197.0
450.942	199.0
451.286	202.0
451.630	198.0
451.974	199.0
452.318	196.0
452.662	197.0
453.006	196.0
453.350	195.0
453.694	196.0
454.038	199.0
454.382	197.0
454.726	197.0
455.070	193.0
455.414	193.0
455.759	191.0
456.103	193.0
456.447	195.0
456.792	189.0
457.136	187.0
457.480	190.0
457.825	195.0
458.169	185.0
458.514	179.0
458.858	186.0
459.203	180.0
459.547	181.0
459.892	176.0
460.236	181.0
460.581	179.0
460.926	176.0
461.271	172.0
461.615	172.0
461.960	177.0
462.305	170.0
462.650	176.0
462.995	175.0
463.340	170.0
463.684	169.0
464.029	176.0
464.374	174.0
464.719	181.0
465.064	182.0
465.410	173.0
465.755	175.0
466.100	167.0
466.445	174.0
466.790	165.0
467.135	174.0
467.481	164.0
467.826	172.0
468.171	169.0
468.517	173.0
468.862	179.0
469.207	185.0
469.553	178.0
469.898	188.0
470.244	189.0
470.589	205.0
470.935	195.0
471.280	175.0
471.626	167.0
471.972	156.0
472.317	159.0
472.663	157.0
473.009	157.0
473.354	151.0
473.700	161.0
474.046	159.0
474.392	154.0
474.738	151.0
475.084	157.0
475.430	155.0
475.776	155.0
476.122	151.0
476.468	150.0
476.814	156.0
477.160	154.0
477.506	155.0
477.852	150.0
478.198	148.0
478.544	153.0
478.891	151.0
479.237	146.0
479.583	153.0
479.929	152.0
480.276	151.0
480.622	151.0
480.969	146.0
481.315	151.0
481.661	151.0
482.008	149.0
482.354	158.0
482.701	148.0
483.048	149.0
483.394	149.0
483.741	152.0
484.087	147.0
484.434	144.0
484.781	152.0
485.128	152.0
485.474	148.0
485.821	156.0
486.168	152.0
486.515	150.0
486.862	150.0
487.209	146.0
487.556	153.0
487.903	152.0
488.250	149.0
488.597	154.0
488.944	149.0
489.291	148.0
489.638	149.0
489.985	148.0
490.332	151.0
490.680	150.0
491.027	152.0
491.374	153.0
491.721	150.0
492.069	154.0
492.416	148.0
492.763	155.0
493.111	152.0
493.458	155.0
493.806	156.0
494.153	154.0
494.501	155.0
494.848	151.0
495.196	153.0
495.544	157.0
495.891	152.0
496.239	161.0
496.587	158.0
496.934	155.0
497.282	164.0
497.630	160.0
497.978	160.0
498.325	160.0
498.673	161.0
499.021	161.0
499.369	165.0
499.717	166.0
500.065	167.0
500.413	172.0
500.761	163.0
501.109	162.0
501.457	172.0
501.805	162.0
502.154	164.0
502.502	163.0
502.850	166.0
503.198	166.0
503.547	164.0
503.895	169.0
504.243	171.0
504.591	169.0
504.940	166.0
505.288	170.0
505.637	168.0
505.985	176.0
506.334	171.0
506.682	171.0
507.031	173.0
507.379	173.0
507.728	174.0
508.077	172.0
508.425	178.0
508.774	175.0
509.123	175.0
509.471	180.0
509.820	174.0
510.169	174.0
510.518	175.0
510.867	177.0
511.216	177.0
511.564	180.0
511.913	182.0
512.262	185.0
512.611	177.0
512.960	180.0
513.309	181.0
513.659	185.0
514.008	184.0
514.357	182.0
514.706	187.0
515.055	185.0
515.404	180.0
515.754	186.0
516.103	187.0
516.452	185.0
516.801	198.0
517.151	183.0
517.500	185.0
517.850	193.0
518.199	193.0
518.549	192.0
518.898	191.0
519.248	189.0
519.597	192.0
519.947	196.0
520.296	199.0
520.646	190.0
520.996	192.0
521.345	190.0
521.695	191.0
522.045	193.0
522.395	202.0
522.744	197.0
523.094	193.0
523.444	195.0
523.794	192.0
524.144	199.0
524.494	197.0
524.844	192.0
525.194	192.0
525.544	196.0
525.894	189.0
526.244	200.0
526.594	203.0
526.944	195.0
527.294	199.0
527.644	195.0
527.995	191.0
528.345	196.0
528.695	193.0
529.045	191.0
529.396	203.0
529.746	199.0
530.097	195.0
530.447	192.0
530.797	204.0
531.148	196.0
531.498	200.0
531.849	202.0
532.199	215.0
532.550	197.0
532.901	202.0
533.251	200.0
533.602	204.0
533.952	198.0
534.303	203.0
534.654	201.0
535.005	204.0
535.355	201.0
535.706	203.0
536.057	197.0
536.408	199.0
536.759	205.0
537.110	204.0
537.461	210.0
537.812	205.0
538.163	207.0
538.514	203.0
538.865	210.0
539.216	203.0
539.567	207.0
539.918	196.0
540.269	201.0
540.620	197.0
540.972	207.0
541.323	204.0
541.674	200.0
542.025	202.0
542.377	204.0
542.728	198.0
543.080	202.0
543.431	205.0
543.782	207.0
544.134	201.0
544.485	204.0
544.837	199.0
545.188	199.0
545.540	202.0
545.892	196.0
546.243	197.0
546.595	203.0
546.946	196.0
547.298	197.0
547.650	196.0
548.002	200.0
548.353	203.0
548.705	210.0
549.057	198.0
549.409	210.0
549.761	214.0
550.113	210.0
550.465	210.0
550.817	212.0
551.169	210.0
551.521	222.0
551.873	218.0
552.225	218.0
552.577	216.0
552.929	218.0
553.281	216.0
553.633	223.0
553.985	221.0
554.338	220.0
554.690	219.0
555.042	219.0
555.394	216.0
555.747	219.0
556.099	210.0
556.452	219.0
556.804	220.0
557.156	216.0
557.509	219.0
557.861	224.0
558.214	217.0
558.566	218.0
558.919	219.0
559.272	217.0
559.624	216.0
559.977	214.0
560.330	216.0
560.682	215.0
561.035	217.0
561.388	219.0
561.740	219.0
562.093	218.0
562.446	219.0
562.799	214.0
563.152	215.0
563.505	217.0
563.858	207.0
564.211	214.0
564.564	218.0
564.917	218.0
565.270	219.0
565.623	213.0
565.976	219.0
566.329	221.0
566.682	224.0
567.035	221.0
567.388	221.0
567.742	220.0
568.095	219.0
568.448	226.0
568.801	220.0
569.155	216.0
569.508	210.0
569.861	223.0
570.215	223.0
570.568	218.0
570.922	222.0
571.275	218.0
571.629	216.0
571.982	218.0
572.336	219.0
572.689	221.0
573.043	225.0
573.397	230.0
573.750	229.0
574.104	239.0
574.458	230.0
574.811	231.0
575.165	236.0
575.519	227.0
575.873	227.0
576.227	221.0
576.580	221.0
576.934	230.0
577.288	231.0
577.642	223.0
577.996	226.0
578.350	232.0
578.704	231.0
579.058	231.0
579.412	224.0
579.766	231.0
580.120	224.0
580.475	227.0
580.829	219.0
581.183	221.0
581.537	226.0
581.891	231.0
582.246	224.0
582.600	234.0
582.954	225.0
583.309	234.0
583.663	232.0
584.017	231.0
584.372	226.0
584.726	224.0
585.081	235.0
585.435	234.0
585.790	222.0
586.144	226.0
586.499	223.0
586.853	229.0
587.208	236.0
587.563	221.0
587.917	232.0
588.272	226.0
588.627	230.0
588.982	234.0
589.336	226.0
589.691	226.0
590.046	230.0
590.401	227.0
590.756	223.0
591.111	221.0
591.465	218.0
591.820	219.0
592.175	220.0
592.530	220.0
592.885	222.0
593.240	224.0
593.595	226.0
593.951	221.0
594.306	218.0
594.661	228.0
595.016	222.0
595.371	218.0
595.726	222.0
596.082	216.0
596.437	220.0
596.792	222.0
597.148	218.0
597.503	218.0
597.858	224.0
598.214	224.0
598.569	225.0
598.924	219.0
599.280	217.0
599.635	227.0
599.991	218.0
600.346	223.0
600.702	219.0
601.058	232.0
601.413	220.0
601.769	214.0
602.125	214.0
602.480	218.0
602.836	205.0
603.192	213.0
603.547	214.0
603.903	210.0
604.259	211.0
604.615	211.0
604.971	210.0
605.327	211.0
605.683	219.0
606.038	206.0
606.394	206.0
606.750	213.0
607.106	219.0
607.462	217.0
607.818	199.0
608.175	203.0
608.531	207.0
608.887	201.0
609.243	199.0
609.599	198.0
609.955	205.0
610.312	207.0
610.668	203.0
611.024	201.0
611.380	200.0
611.737	204.0
612.093	197.0
612.449	208.0
612.806	196.0
613.162	201.0
613.519	196.0
613.875	203.0
614.232	193.0
614.588	195.0
614.945	191.0
615.301	192.0
615.658	201.0
616.014	202.0
616.371	198.0
616.728	194.0
617.084	190.0
617.441	190.0
617.798	197.0
618.155	194.0
618.511	188.0
618.868	187.0
619.225	189.0
619.582	190.0
619.939	178.0
620.296	188.0
620.652	184.0
621.009	186.0
621.366	189.0
621.723	186.0
622.080	190.0
622.437	190.0
622.795	187.0
623.152	180.0
623.509	183.0
623.866	190.0
624.223	184.0
624.580	188.0
624.937	192.0
625.295	183.0
625.652	186.0
626.009	181.0
626.366	178.0
626.724	181.0
627.081	181.0
627.439	179.0
627.796	182.0
628.153	186.0
628.511	184.0
628.868	177.0
629.226	180.0
629.583	187.0
629.941	193.0
630.298	181.0
630.656	178.0
631.014	177.0
631.371	170.0
631.729	184.0
632.086	179.0
632.444	171.0
632.802	176.0
633.160	176.0
633.517	178.0
633.875	181.0
634.233	179.0
634.591	177.0
634.949	177.0
635.307	181.0
635.665	177.0
636.022	173.0
636.380	178.0
636.738	180.0
637.096	179.0
637.454	175.0
637.813	180.0
638.171	174.0
638.529	183.0
638.887	172.0
639.245	175.0
639.603	170.0
639.961	170.0
640.320	170.0
640.678	174.0
641.036	175.0
641.394	171.0
641.753	169.0
642.111	172.0
642.469	170.0
642.828	165.0
643.186	174.0
643.544	168.0
643.903	178.0
644.261	178.0
644.620	175.0
644.978	172.0
645.337	173.0
645.695	182.0
646.054	173.0
646.413	171.0
646.771	162.0
647.130	169.0
647.489	164.0
647.847	167.0
648.206	159.0
648.565	168.0
648.924	176.0
649.282	163.0
649.641	169.0
650.000	170.0
650.359	173.0
650.718	180.0
651.077	176.0
651.436	175.0
651.794	175.0
652.153	184.0
652.512	177.0
652.871	180.0
653.230	181.0
653.590	170.0
653.949	173.0
654.308	174.0
654.667	168.0
655.026	168.0
655.385	168.0
655.744	180.0
656.104	185.0
656.463	193.0
656.822	186.0
657.181	182.0
657.541	169.0
657.900	168.0
658.259	174.0
658.619	175.0
658.978	184.0
659.338	186.0
659.697	185.0
660.057	184.0
660.416	174.0
660.776	182.0
661.135	186.0
661.495	184.0
661.854	183.0
662.214	175.0
662.573	175.0
662.933	172.0
663.293	169.0
663.652	160.0
664.012	166.0
664.372	162.0
664.732	162.0
665.091	160.0
665.451	170.0
665.811	170.0
666.171	171.0
666.531	171.0
666.891	170.0
667.251	175.0
667.610	179.0
667.970	172.0
668.330	172.0
668.690	176.0
669.050	179.0
669.410	171.0
669.771	176.0
670.131	174.0
670.491	176.0
670.851	171.0
671.211	160.0
671.571	164.0
671.931	153.0
672.292	163.0
672.652	156.0
673.012	148.0
673.372	153.0
673.733	153.0
674.093	155.0
674.453	157.0
674.814	156.0
675.174	167.0
675.535	167.0
675.895	175.0
676.255	169.0
676.616	172.0
676.976	161.0
677.337	164.0
677.698	161.0
678.058	160.0
678.419	163.0
678.779	165.0
679.140	155.0
679.501	152.0
679.861	152.0
680.222	155.0
680.583	147.0
680.943	148.0
681.304	146.0
681.665	154.0
682.026	141.0
682.387	145.0
682.747	141.0
683.108	147.0
683.469	143.0
683.830	145.0
684.191	152.0
684.552	151.0
684.913	154.0
685.274	147.0
685.635	148.0
685.996	149.0
686.357	149.0
686.718	148.0
687.079	147.0
687.440	149.0
687.802	144.0
688.163	156.0
688.524	144.0
688.885	144.0
689.246	142.0
689.608	138.0
689.969	141.0
690.330	151.0
690.692	141.0
691.053	136.0
691.414	132.0
691.776	139.0
692.137	139.0
692.499	145.0
692.860	143.0
693.221	141.0
693.583	142.0
693.944	138.0
694.306	143.0
694.668	145.0
695.029	142.0
695.391	146.0
695.752	139.0
696.114	138.0
696.476	136.0
696.837	132.0
697.199	139.0
697.561	136.0
697.923	139.0
698.284	128.0
698.646	139.0
699.008	134.0
699.370	149.0
699.732	134.0
700.093	146.0
700.455	136.0
700.817	136.0
701.179	141.0
701.541	139.0
701.903	148.0
702.265	133.0
702.627	137.0
702.989	135.0
703.351	138.0
703.713	140.0
704.075	153.0
704.438	133.0
704.800	136.0
705.162	136.0
705.524	130.0
705.886	134.0
706.248	133.0
706.611	139.0
706.973	145.0
707.335	142.0
707.698	147.0
708.060	136.0
708.422	139.0
708.785	132.0
709.147	138.0
709.509	140.0
709.872	135.0
710.234	135.0
710.597	141.0
710.959	137.0
711.322	131.0
711.684	138.0
712.047	140.0
712.409	138.0
712.772	138.0
713.135	141.0
713.497	146.0
713.860	141.0
714.223	145.0
714.585	136.0
714.948	147.0
715.311	138.0
715.674	143.0
716.036	146.0
716.399	138.0
716.762	136.0
717.125	138.0
717.488	140.0
717.850	139.0
718.213	140.0
718.576	142.0
718.939	136.0
719.302	132.0
719.665	138.0
720.028	132.0
720.391	137.0
720.754	135.0
721.117	143.0
721.480	140.0
721.844	141.0
722.207	146.0
722.570	143.0
722.933	143.0
723.296	143.0
723.659	146.0
724.023	154.0
724.386	146.0
724.749	151.0
725.112	151.0
725.476	154.0
725.839	152.0
726.202	152.0
726.566	147.0
726.929	158.0
727.292	153.0
727.656	152.0
728.019	147.0
728.383	140.0
728.746	138.0
729.110	142.0
729.473	140.0
729.837	149.0
730.200	136.0
730.564	135.0
730.928	138.0
731.291	141.0
731.655	137.0
732.019	136.0
732.382	143.0
732.746	150.0
733.110	151.0
733.473	149.0
733.837	168.0
734.201	153.0
734.565	156.0
734.929	161.0
735.292	157.0
735.656	161.0
736.020	156.0
736.384	165.0
736.748	160.0
737.112	160.0
737.476	157.0
737.840	150.0
738.204	155.0
738.568	154.0
738.932	152.0
739.296	159.0
739.660	150.0
740.024	137.0
740.388	143.0
740.752	143.0
741.116	141.0
741.481	147.0
741.845	137.0
742.209	142.0
742.573	146.0
742.938	142.0
743.302	151.0
743.666	153.0
744.030	159.0
744.395	158.0
744.759	164.0
745.123	171.0
745.488	167.0
745.852	167.0
746.217	175.0
746.581	175.0
746.946	181.0
747.310	175.0
747.675	177.0
748.039	175.0
748.404	175.0
748.768	177.0
749.133	184.0
749.497	178.0
749.862	183.0
750.227	176.0
750.591	178.0
750.956	178.0
751.321	170.0
751.685	156.0
752.050	143.0
752.415	154.0
752.780	144.0
753.144	136.0
753.509	138.0
753.874	139.0
754.239	138.0
754.604	142.0
754.969	142.0
755.333	147.0
755.698	146.0
756.063	150.0
756.428	150.0
756.793	153.0
757.158	163.0
757.523	171.0
757.888	173.0
758.253	166.0
758.618	178.0
758.983	175.0
759.349	185.0
759.714	168.0
760.079	170.0
760.444	170.0
760.809	177.0
761.174	181.0
761.540	178.0
761.905	188.0
762.270	180.0
762.635	177.0
763.001	182.0
763.366	170.0
763.731	155.0
764.097	145.0
764.462	147.0
764.827	146.0
765.193	139.0
765.558	140.0
765.924	142.0
766.289	144.0
766.655	141.0
767.020	136.0
767.386	140.0
767.751	147.0
768.117	153.0
768.482	151.0
768.848	146.0
769.214	157.0
769.579	158.0
769.945	162.0
770.310	174.0
770.676	176.0
771.042	173.0
771.408	180.0
771.773	176.0
772.139	175.0
772.505	171.0
772.871	176.0
773.236	172.0
773.602	182.0
773.968	179.0
774.334	182.0
774.700	175.0
775.066	182.0
775.432	184.0
775.798	177.0
776.164	167.0
776.530	155.0
776.896	162.0
777.262	226.0
777.628	368.0
777.994	411.0
778.360	305.0
778.726	178.0
779.092	138.0
779.458	142.0
779.824	131.0
780.190	138.0
780.556	135.0
780.923	139.0
781.289	134.0
781.655	138.0
782.021	133.0
782.388	134.0
782.754	129.0
783.120	128.0
783.487	136.0
783.853	137.0
784.219	131.0
784.586	133.0
784.952	136.0
785.318	137.0
785.685	132.0
786.051	131.0
786.418	134.0
786.784	132.0
787.151	137.0
787.517	136.0
787.884	136.0
788.250	138.0
788.617	138.0
788.983	137.0
789.350	137.0
789.717	141.0
790.083	132.0
790.450	130.0
790.817	129.0
791.183	135.0
791.550	138.0
791.917	134.0
792.283	139.0
792.650	136.0
793.017	136.0
793.384	132.0
793.751	130.0
794.117	132.0
794.484	135.0
794.851	134.0
795.218	139.0
795.585	132.0
795.952	126.0
796.319	133.0
796.686	128.0
797.053	128.0
797.420	129.0
797.787	128.0
798.154	133.0
798.521	127.0
798.888	132.0
799.255	132.0
799.622	133.0
799.989	132.0
800.356	134.0
800.723	137.0
801.091	133.0
801.458	133.0
801.825	131.0
802.192	129.0
802.559	138.0
802.927	139.0
803.294	131.0
803.661	139.0
804.028	132.0
804.396	130.0
804.763	127.0
805.130	131.0
805.498	133.0
805.865	134.0
806.233	135.0
806.600	134.0
806.967	141.0
807.335	132.0
807.702	131.0
808.070	129.0
808.437	127.0
808.805	140.0
809.172	145.0
809.540	134.0
809.908	133.0
810.275	132.0
810.643	142.0
811.010	129.0
811.378	131.0
811.746	137.0
812.113	139.0
812.481	137.0
812.849	125.0
813.216	143.0
813.584	139.0
813.952	131.0
814.320	129.0
814.688	132.0
815.055	132.0
815.423	136.0
815.791	130.0
816.159	135.0
816.527	130.0
816.895	134.0
817.263	137.0
817.630	137.0
817.998	126.0
818.366	129.0
818.734	134.0
819.102	141.0
819.470	139.0
819.838	129.0
820.206	131.0
820.574	134.0
820.943	132.0
821.311	140.0
821.679	138.0
822.047	156.0
822.415	154.0
822.783	153.0
823.151	132.0
823.520	139.0
823.888	134.0
824.256	136.0
824.624	145.0
824.992	139.0
825.361	135.0
825.729	125.0
826.097	128.0
826.466	127.0
826.834	131.0
827.202	127.0
827.571	135.0
827.939	136.0
828.307	136.0
828.676	136.0
829.044	125.0
829.413	136.0
829.781	127.0
830.150	132.0
830.518	139.0
830.887	139.0
831.255	130.0
831.624	129.0
831.992	132.0
832.361	129.0
832.730	135.0
833.098	131.0
833.467	130.0
833.835	125.0
834.204	132.0
834.573	130.0
834.941	135.0
835.310	135.0
835.679	134.0
836.048	134.0
836.416	132.0
836.785	137.0
837.154	122.0
837.523	135.0
837.892	155.0
838.260	136.0
838.629	129.0
838.998	126.0
839.367	130.0
839.736	139.0
840.105	129.0
840.474	128.0
840.843	133.0
841.212	137.0
841.581	128.0
841.950	133.0
842.319	132.0
842.688	143.0
843.057	138.0
843.426	141.0
843.795	127.0
844.164	133.0
844.533	136.0
844.902	165.0
845.271	173.0
845.641	174.0
846.010	146.0
846.379	135.0
846.748	133.0
847.117	138.0
847.487	131.0
847.856	132.0
848.225	139.0
848.594	136.0
848.964	136.0
849.333	132.0
849.702	133.0
850.072	131.0
850.441	133.0
850.810	130.0
851.180	134.0
851.549	139.0
851.918	130.0
852.288	133.0
852.657	145.0
853.027	138.0
853.396	141.0
853.766	131.0
854.135	142.0
854.505	135.0
854.874	135.0
855.244	135.0
855.614	130.0
855.983	131.0
856.353	140.0
856.722	134.0
857.092	132.0
857.462	130.0
857.831	134.0
858.201	129.0
858.571	129.0
858.940	136.0
859.310	129.0
859.680	136.0
860.050	128.0
860.419	133.0
860.789	143.0
861.159	133.0
861.529	133.0
861.899	133.0
862.268	133.0
862.638	133.0
863.008	145.0
863.378	143.0
863.748	147.0
864.118	141.0
864.488	144.0
864.858	150.0
865.228	143.0
865.598	141.0
865.968	149.0
866.338	144.0
866.708	148.0
867.078	152.0
867.448	148.0
867.818	153.0
868.188	166.0
868.558	178.0
868.928	178.0
869.298	169.0
869.668	156.0
870.039	154.0
870.409	148.0
870.779	160.0
871.149	152.0
871.519	155.0
871.890	156.0
872.260	151.0
872.630	152.0
873.000	150.0
873.371	141.0
873.741	139.0
874.111	139.0
874.482	139.0
874.852	134.0
875.222	131.0
875.593	131.0
875.963	138.0
876.333	140.0
876.704	131.0
877.074	132.0
877.445	127.0
877.815	133.0
878.186	134.0
878.556	135.0
878.927	136.0
879.297	133.0
879.668	133.0
880.038	128.0
880.409	130.0
880.780	137.0
881.150	141.0
881.521	137.0
881.891	133.0
882.262	137.0
882.633	138.0
883.003	144.0
883.374	148.0
883.745	145.0
884.115	151.0
884.486	149.0
884.857	148.0
885.228	155.0
885.598	148.0
885.969	151.0
886.340	147.0
886.711	145.0
887.082	146.0
887.452	151.0
887.823	148.0
888.194	153.0
888.565	147.0
888.936	150.0
889.307	144.0
889.678	164.0
890.049	143.0
890.420	150.0
890.791	148.0
891.162	150.0
891.533	152.0
891.904	148.0
892.275	140.0
892.646	138.0
893.017	137.0
893.388	133.0
893.759	149.0
894.130	149.0
894.501	139.0
894.872	133.0
895.243	133.0
895.614	135.0
895.986	134.0
896.357	133.0
896.728	134.0
897.099	131.0
897.470	129.0
897.842	136.0
898.213	136.0
898.584	134.0
898.955	134.0
899.327	130.0
899.698	139.0
900.069	134.0
900.441	130.0
900.812	135.0
901.183	134.0
901.555	131.0
901.926	137.0
902.297	126.0
902.669	138.0
903.040	130.0
903.412	132.0
903.783	132.0
904.155	130.0
904.526	128.0
904.897	133.0
905.269	133.0
905.641	128.0
906.012	133.0
906.384	129.0
906.755	134.0
907.127	130.0
907.498	128.0
907.870	132.0
908.241	129.0
908.613	123.0
908.985	132.0
909.356	130.0
909.728	126.0
910.100	130.0
910.471	126.0
910.843	135.0
911.215	143.0
911.587	131.0
911.958	129.0
912.330	132.0
912.702	132.0
913.074	131.0
913.445	139.0
913.817	138.0
914.189	129.0
914.561	131.0
914.933	134.0
915.305	133.0
915.676	129.0
916.048	134.0
916.420	134.0
916.792	139.0
917.164	138.0
917.536	133.0
917.908	134.0
918.280	138.0
918.652	125.0
919.024	128.0
919.396	138.0
919.768	136.0
920.140	135.0
920.512	133.0
920.884	132.0
921.256	132.0
921.628	136.0
922.000	138.0
922.372	139.0
922.745	143.0
923.117	134.0
923.489	133.0
923.861	135.0
924.233	132.0
924.605	132.0
924.978	128.0
925.350	131.0
925.722	135.0
926.094	149.0
926.467	129.0
926.839	151.0
927.211	144.0
927.583	142.0
927.956	133.0
928.328	134.0
928.700	128.0
929.073	134.0
929.445	133.0
929.817	134.0
930.190	130.0
930.562	135.0
930.935	132.0
931.307	138.0
931.679	135.0
932.052	127.0
932.424	136.0
932.797	136.0
933.169	133.0
933.542	133.0
933.914	132.0
934.287	133.0
934.659	131.0
935.032	139.0
935.404	138.0
935.777	134.0
936.149	130.0
936.522	135.0
936.895	132.0
937.267	140.0
937.640	138.0
938.013	136.0
938.385	131.0
938.758	135.0
939.131	136.0
939.503	147.0
939.876	150.0
940.249	139.0
940.621	135.0
940.994	125.0
941.367	138.0
941.740	136.0
942.112	135.0
942.485	137.0
942.858	132.0
943.231	140.0
943.604	140.0
943.976	131.0
944.349	139.0
944.722	133.0
945.095	132.0
945.468	136.0
945.841	142.0
946.214	130.0
946.587	130.0
946.960	136.0
947.333	139.0
947.706	129.0
948.078	133.0
948.451	135.0
948.824	129.0
949.197	136.0
949.570	128.0
949.944	135.0
950.317	129.0
950.690	133.0
951.063	130.0
951.436	136.0
951.809	130.0
952.182	132.0
952.555	126.0
952.928	134.0
953.301	132.0
953.674	139.0
954.048	139.0
954.421	138.0
954.794	130.0
955.167	137.0
955.540	131.0
955.914	134.0
956.287	137.0
956.660	141.0
957.033	133.0
957.407	136.0
957.780	141.0
958.153	140.0
958.526	147.0
958.900	131.0
959.273	131.0
959.646	137.0
960.020	134.0
960.393	133.0
960.766	131.0
961.140	140.0
961.513	131.0
961.887	136.0
962.260	136.0
962.634	134.0
963.007	126.0
963.380	132.0
963.754	132.0
964.127	133.0
964.501	135.0
964.874	135.0
965.248	128.0
965.621	127.0
965.995	135.0
966.368	137.0
966.742	131.0
967.116	139.0
967.489	140.0
967.863	137.0
968.236	133.0
968.610	134.0
968.984	138.0
969.357	131.0
969.731	132.0
970.104	131.0
970.478	134.0
970.852	135.0
971.225	145.0
971.599	137.0
971.973	132.0
972.347	131.0
972.720	127.0
973.094	134.0
973.468	130.0
973.842	132.0
974.215	129.0
974.589	137.0
974.963	130.0
975.337	133.0
975.711	134.0
976.084	138.0
976.458	132.0
976.832	130.0
977.206	130.0
977.580	127.0
977.954	130.0
978.328	134.0
978.702	137.0
979.075	134.0
979.449	141.0
979.823	133.0
980.197	139.0
980.571	141.0
980.945	134.0
981.319	136.0
981.693	130.0
982.067	139.0
982.441	141.0
982.815	137.0
983.189	136.0
983.563	142.0
983.937	136.0
984.311	140.0
984.686	138.0
985.060	141.0
985.434	130.0
985.808	133.0
986.182	126.0
986.556	138.0
986.930	135.0
987.304	132.0
987.679	133.0
988.053	138.0
988.427	132.0
988.801	143.0
989.175	138.0
989.550	130.0
989.924	132.0
990.298	130.0
990.672	132.0
991.047	133.0
991.421	138.0
991.795	131.0
992.169	137.0
992.544	126.0
992.918	136.0
993.292	138.0
993.667	127.0
994.041	144.0
994.415	132.0
994.790	130.0
995.164	136.0
995.538	138.0
995.913	133.0
996.287	133.0
996.662	134.0
997.036	135.0
997.411	137.0
997.785	133.0
998.159	136.0
998.534	136.0
998.908	141.0
999.283	135.0
999.657	136.0
1000.032	131.0
1000.406	137.0
1000.781	133.0
1001.156	137.0
1001.530	128.0
1001.905	141.0
1002.279	133.0
1002.654	141.0
1003.028	136.0
1003.403	134.0
1003.778	142.0
1004.152	141.0
1004.527	135.0
1004.901	132.0
1005.276	136.0
1005.651	131.0
1006.025	140.0
1006.400	135.0
1006.775	128.0
1007.150	135.0
1007.524	137.0
1007.899	134.0
1008.274	132.0
1008.648	138.0
1009.023	138.0
1009.398	130.0
1009.773	134.0
1010.147	140.0
1010.522	140.0
1010.897	131.0
1011.272	127.0
1011.647	134.0
1012.021	137.0
1012.396	128.0
1012.771	136.0
1013.146	132.0
1013.521	140.0
1013.896	131.0
1014.271	133.0
1014.646	133.0
1015.020	138.0
1015.395	129.0
1015.770	135.0
1016.145	129.0
1016.520	128.0
1016.895	136.0
1017.270	140.0
1017.645	136.0
1018.020	139.0
1018.395	131.0
1018.770	130.0
1019.145	135.0
1019.520	136.0
1019.895	129.0
1020.270	134.0
1020.645	131.0
1021.020	128.0
1021.395	129.0
1021.770	139.0
1022.145	136.0
1022.521	140.0
1022.896	134.0
1023.271	139.0
1023.646	129.0
1024.021	139.0
1024.396	138.0
1024.771	130.0
1025.146	130.0
1025.522	137.0
1025.897	139.0
1026.272	137.0
1026.647	133.0
1027.022	138.0
1027.398	138.0
1027.773	140.0
1028.148	140.0
1028.523	140.0
1028.899	137.0
1029.274	129.0
1029.649	142.0
1030.024	138.0
1030.400	137.0
1030.775	139.0
1031.150	137.0
1031.526	131.0
1031.901	132.0
1032.276	152.0
1032.652	132.0
1033.027	137.0
1033.402	140.0
1033.778	133.0
1034.153	134.0
1034.528	142.0
1034.904	139.0
1035.279	137.0
1035.655	137.0
1036.030	144.0
1036.405	145.0
1036.781	145.0
1037.156	147.0
1037.532	138.0
1037.907	139.0
1038.283	139.0
1038.658	146.0
1039.034	135.0
1039.409	141.0
1039.785	144.0
1040.160	135.0
1040.536	142.0
1040.911	145.0
1041.287	138.0
1041.662	138.0
1042.038	141.0
1042.414	144.0
1042.789	146.0
1043.165	144.0
1043.540	144.0
1043.916	134.0
1044.292	135.0
1044.667	136.0
1045.043	141.0
1045.418	139.0
1045.794	142.0
1046.170	135.0
1046.545	136.0
1046.921	142.0
1047.297	133.0
1047.672	140.0
1048.048	138.0
1048.424	138.0
1048.800	141.0
1049.175	148.0
1049.551	141.0
1049.927	146.0
1050.303	130.0
1050.678	140.0
1051.054	145.0
1051.430	145.0
1051.806	138.0
1052.181	142.0
1052.557	145.0
1052.933	148.0
1053.309	150.0
1053.685	150.0
1054.061	150.0
1054.436	152.0
1054.812	147.0
1055.188	141.0
1055.564	149.0
1055.940	139.0
1056.316	150.0
1056.692	141.0
1057.067	146.0
1057.443	144.0
1057.819	150.0
1058.195	141.0
1058.571	142.0
1058.947	148.0
1059.323	135.0
1059.699	151.0
1060.075	140.0
1060.451	140.0
1060.827	141.0
1061.203	136.0
1061.579	155.0
1061.955	145.0
1062.331	146.0
1062.707	146.0
