328.563	122.0
328.895	129.0
329.227	128.0
329.559	125.0
329.892	126.0
330.224	130.0
330.556	122.0
330.888	123.0
331.220	121.0
331.553	130.0
331.885	128.0
332.217	127.0
332.550	131.0
332.882	123.0
333.215	128.0
333.547	128.0
333.880	128.0
334.212	128.0
334.545	123.0
334.878	130.0
335.210	131.0
335.543	128.0
335.876	128.0
336.209	127.0
336.541	130.0
336.874	129.0
337.207	124.0
337.540	126.0
337.873	129.0
338.206	126.0
338.539	133.0
338.872	125.0
339.205	128.0
339.538	135.0
339.872	130.0
340.205	122.0
340.538	127.0
340.871	127.0
341.205	127.0
341.538	131.0
341.871	129.0
342.205	133.0
342.538	131.0
342.872	130.0
343.205	130.0
343.539	129.0
343.872	130.0
344.206	128.0
344.540	126.0
344.873	127.0
345.207	133.0
345.541	130.0
345.875	132.0
346.208	127.0
346.542	129.0
346.876	129.0
347.210	125.0
347.544	132.0
347.878	134.0
348.212	131.0
348.546	128.0
348.880	134.0
349.214	135.0
349.549	136.0
349.883	132.0
350.217	130.0
350.551	130.0
350.886	135.0
351.220	134.0
351.554	133.0
351.889	134.0
352.223	135.0
352.558	135.0
352.892	137.0
353.227	134.0
353.561	139.0
353.896	134.0
354.231	131.0
354.565	135.0
354.900	133.0
355.235	139.0
355.569	135.0
355.904	142.0
356.239	143.0
356.574	147.0
356.909	149.0
357.244	145.0
357.579	141.0
357.914	145.0
358.249	136.0
358.584	134.0
358.919	138.0
359.254	132.0
359.590	134.0
359.925	131.0
360.260	132.0
360.595	133.0
360.931	135.0
361.266	135.0
361.601	132.0
361.937	135.0
362.272	130.0
362.608	132.0
362.943	132.0
363.279	137.0
363.614	131.0
363.950	138.0
364.286	132.0
364.621	131.0
364.957	129.0
365.293	133.0
365.629	131.0
365.965	141.0
366.300	128.0
366.636	129.0
366.972	130.0
367.308	130.0
367.644	132.0
367.980	128.0
368.316	131.0
368.652	132.0
368.989	133.0
369.325	133.0
369.661	131.0
369.997	131.0
370.333	134.0
370.670	130.0
371.006	134.0
371.342	130.0
371.679	130.0
372.015	134.0
372.352	133.0
372.688	129.0
373.025	132.0
373.361	136.0
373.698	134.0
374.035	135.0
374.371	137.0
374.708	142.0
375.045	142.0
375.381	139.0
375.718	134.0
376.055	132.0
376.392	130.0
376.729	133.0
377.066	135.0
377.403	138.0
377.740	132.0
378.077	133.0
378.414	137.0
378.751	135.0
379.088	139.0
379.425	138.0
379.762	142.0
380.100	142.0
380.437	141.0
380.774	135.0
381.112	137.0
381.449	135.0
381.786	136.0
382.124	136.0
382.461	135.0
382.799	136.0
383.136	132.0
383.474	135.0
383.811	134.0
384.149	137.0
384.487	136.0
384.824	136.0
385.162	135.0
385.500	136.0
385.838	144.0
386.176	138.0
386.513	138.0
386.851	141.0
387.189	143.0
387.527	150.0
387.865	146.0
388.203	156.0
388.541	161.0
388.879	173.0
389.217	192.0
389.556	215.0
389.894	234.0
390.232	262.0
390.570	301.0
390.908	302.0
391.247	289.0
391.585	231.0
391.924	173.0
392.262	140.0
392.600	137.0
392.939	138.0
393.277	140.0
393.616	133.0
393.954	135.0
394.293	134.0
394.632	132.0
394.970	133.0
395.309	128.0
395.648	131.0
395.987	132.0
396.325	136.0
396.664	135.0
397.003	131.0
397.342	130.0
397.681	139.0
398.020	138.0
398.359	139.0
398.698	142.0
399.037	140.0
399.376	147.0
399.715	141.0
400.054	137.0
400.394	135.0
400.733	133.0
401.072	133.0
401.411	132.0
401.751	130.0
402.090	137.0
402.429	135.0
402.769	135.0
403.108	132.0
403.448	131.0
403.787	132.0
404.127	136.0
404.466	144.0
404.806	140.0
405.146	148.0
405.485	147.0
405.825	137.0
406.165	134.0
406.504	133.0
406.844	137.0
407.184	129.0
407.524	131.0
407.864	132.0
408.204	134.0
408.544	132.0
408.884	132.0
409.224	136.0
409.564	135.0
409.904	133.0
410.244	134.0
410.584	134.0
410.924	135.0
411.265	135.0
411.605	138.0
411.945	135.0
412.285	134.0
412.626	140.0
412.966	132.0
413.307	138.0
413.647	134.0
413.987	135.0
414.328	138.0
414.669	131.0
415.009	136.0
415.350	136.0
415.690	135.0
416.031	138.0
416.372	134.0
416.712	136.0
417.053	134.0
417.394	138.0
417.735	138.0
418.076	141.0
418.416	146.0
418.757	142.0
419.098	142.0
419.439	143.0
419.780	145.0
420.121	142.0
420.462	138.0
420.804	147.0
421.145	149.0
421.486	148.0
421.827	147.0
422.168	149.0
422.509	159.0
422.851	159.0
423.192	160.0
423.533	173.0
423.875	157.0
424.216	158.0
424.558	161.0
424.899	163.0
425.241	178.0
425.582	184.0
425.924	199.0
426.265	213.0
426.607	235.0
426.949	253.0
427.290	270.0
427.632	261.0
427.974	218.0
428.316	168.0
428.657	145.0
428.999	144.0
429.341	143.0
429.683	147.0
430.025	146.0
430.367	146.0
430.709	148.0
431.051	147.0
431.393	148.0
431.735	146.0
432.077	153.0
432.420	151.0
432.762	147.0
433.104	149.0
433.446	158.0
433.789	155.0
434.131	157.0
434.473	155.0
434.816	154.0
435.158	151.0
435.500	156.0
435.843	156.0
436.185	157.0
436.528	154.0
436.870	159.0
437.213	157.0
437.556	159.0
437.898	160.0
438.241	167.0
438.584	158.0
438.927	161.0
439.269	161.0
439.612	169.0
439.955	167.0
440.298	164.0
440.641	165.0
440.984	169.0
441.327	172.0
441.670	170.0
442.013	170.0
442.356	169.0
442.699	172.0
443.042	172.0
443.385	178.0
443.728	176.0
444.071	173.0
444.415	183.0
444.758	183.0
445.101	180.0
445.445	185.0
445.788	185.0
446.131	184.0
446.475	187.0
446.818	189.0
447.162	184.0
447.505	198.0
447.849	194.0
448.192	202.0
448.536	196.0
448.880	187.0
449.223	197.0
449.567	191.0
449.911	191.0
450.254	192.0
450.598	193.0
450.942	198.0
451.286	185.0
451.630	191.0
451.974	196.0
452.318	191.0
452.662	196.0
453.006	196.0
453.350	191.0
453.694	187.0
454.038	199.0
454.382	193.0
454.726	185.0
455.070	190.0
455.414	188.0
455.759	189.0
456.103	188.0
456.447	186.0
456.792	186.0
457.136	185.0
457.480	181.0
457.825	188.0
458.169	181.0
458.514	176.0
458.858	179.0
459.203	178.0
459.547	177.0
459.892	176.0
460.236	181.0
460.581	170.0
460.926	176.0
461.271	167.0
461.615	177.0
461.960	173.0
462.305	174.0
462.650	168.0
462.995	174.0
463.340	173.0
463.684	170.0
464.029	180.0
464.374	178.0
464.719	177.0
465.064	178.0
465.410	172.0
465.755	174.0
466.100	170.0
466.445	173.0
466.790	161.0
467.135	165.0
467.481	164.0
467.826	171.0
468.171	172.0
468.517	170.0
468.862	180.0
469.207	185.0
469.553	185.0
469.898	197.0
470.244	197.0
470.589	209.0
470.935	200.0
471.280	177.0
471.626	161.0
471.972	152.0
472.317	156.0
472.663	157.0
473.009	156.0
473.354	150.0
473.700	157.0
474.046	156.0
474.392	154.0
474.738	153.0
475.084	151.0
475.430	153.0
475.776	151.0
476.122	151.0
476.468	151.0
476.814	153.0
477.160	152.0
477.506	150.0
477.852	148.0
478.198	153.0
478.544	148.0
478.891	150.0
479.237	147.0
479.583	150.0
479.929	150.0
480.276	151.0
480.622	149.0
480.969	149.0
481.315	148.0
481.661	149.0
482.008	152.0
482.354	154.0
482.701	147.0
483.048	147.0
483.394	148.0
483.741	147.0
484.087	150.0
484.434	150.0
484.781	152.0
485.128	148.0
485.474	153.0
485.821	149.0
486.168	156.0
486.515	156.0
486.862	150.0
487.209	152.0
487.556	150.0
487.903	149.0
488.250	154.0
488.597	152.0
488.944	149.0
489.291	146.0
489.638	150.0
489.985	149.0
490.332	151.0
490.680	152.0
491.027	154.0
491.374	154.0
491.721	151.0
492.069	151.0
492.416	149.0
492.763	147.0
493.111	150.0
493.458	150.0
493.806	154.0
494.153	153.0
494.501	158.0
494.848	153.0
495.196	154.0
495.544	148.0
495.891	153.0
496.239	157.0
496.587	154.0
496.934	155.0
497.282	155.0
497.630	155.0
497.978	154.0
498.325	154.0
498.673	159.0
499.021	153.0
499.369	161.0
499.717	161.0
500.065	167.0
500.413	167.0
500.761	167.0
501.109	165.0
501.457	165.0
501.805	165.0
502.154	158.0
502.502	161.0
502.850	161.0
503.198	163.0
503.547	160.0
503.895	163.0
504.243	165.0
504.591	169.0
504.940	166.0
505.288	165.0
505.637	167.0
505.985	170.0
506.334	173.0
506.682	170.0
507.031	167.0
507.379	170.0
507.728	173.0
508.077	167.0
508.425	174.0
508.774	172.0
509.123	174.0
509.471	175.0
509.820	172.0
510.169	173.0
510.518	173.0
510.867	175.0
511.216	175.0
511.564	175.0
511.913	176.0
512.262	183.0
512.611	176.0
512.960	176.0
513.309	179.0
513.659	181.0
514.008	182.0
514.357	178.0
514.706	177.0
515.055	182.0
515.404	177.0
515.754	178.0
516.103	179.0
516.452	176.0
516.801	189.0
517.151	178.0
517.500	185.0
517.850	179.0
518.199	182.0
518.549	183.0
518.898	184.0
519.248	189.0
519.597	191.0
519.947	187.0
520.296	193.0
520.646	183.0
520.996	188.0
521.345	185.0
521.695	183.0
522.045	191.0
522.395	190.0
522.744	193.0
523.094	186.0
523.444	196.0
523.794	187.0
524.144	193.0
524.494	191.0
524.844	189.0
525.194	190.0
525.544	194.0
525.894	191.0
526.244	185.0
526.594	198.0
526.944	190.0
527.294	193.0
527.644	190.0
527.995	189.0
528.345	189.0
528.695	188.0
529.045	190.0
529.396	190.0
529.746	196.0
530.097	190.0
530.447	190.0
530.797	194.0
531.148	193.0
531.498	189.0
531.849	194.0
532.199	211.0
532.550	193.0
532.901	194.0
533.251	195.0
533.602	193.0
533.952	197.0
534.303	202.0
534.654	195.0
535.005	192.0
535.355	195.0
535.706	200.0
536.057	194.0
536.408	195.0
536.759	198.0
537.110	193.0
537.461	200.0
537.812	193.0
538.163	197.0
538.514	199.0
538.865	192.0
539.216	192.0
539.567	203.0
539.918	197.0
540.269	195.0
540.620	192.0
540.972	199.0
541.323	194.0
541.674	197.0
542.025	202.0
542.377	204.0
542.728	197.0
543.080	194.0
543.431	200.0
543.782	199.0
544.134	190.0
544.485	197.0
544.837	192.0
545.188	186.0
545.540	192.0
545.892	194.0
546.243	191.0
546.595	198.0
546.946	192.0
547.298	190.0
547.650	190.0
548.002	192.0
548.353	193.0
548.705	203.0
549.057	194.0
549.409	199.0
549.761	201.0
550.113	205.0
550.465	202.0
550.817	203.0
551.169	209.0
551.521	211.0
551.873	207.0
552.225	216.0
552.577	209.0
552.929	203.0
553.281	209.0
553.633	217.0
553.985	211.0
554.338	212.0
554.690	206.0
555.042	209.0
555.394	216.0
555.747	210.0
556.099	203.0
556.452	212.0
556.804	208.0
557.156	207.0
557.509	204.0
557.861	213.0
558.214	205.0
558.566	214.0
558.919	206.0
559.272	212.0
559.624	211.0
559.977	211.0
560.330	205.0
560.682	208.0
561.035	204.0
561.388	203.0
561.740	208.0
562.093	208.0
562.446	205.0
562.799	206.0
563.152	208.0
563.505	204.0
563.858	206.0
564.211	201.0
564.564	203.0
564.917	212.0
565.270	201.0
565.623	205.0
565.976	209.0
566.329	209.0
566.682	211.0
567.035	210.0
567.388	211.0
567.742	211.0
568.095	212.0
568.448	211.0
568.801	210.0
569.155	209.0
569.508	199.0
569.861	206.0
570.215	210.0
570.568	207.0
570.922	208.0
571.275	210.0
571.629	208.0
571.982	207.0
572.336	216.0
572.689	214.0
573.043	214.0
573.397	219.0
573.750	213.0
574.104	224.0
574.458	218.0
574.811	223.0
575.165	222.0
575.519	213.0
575.873	221.0
576.227	216.0
576.580	212.0
576.934	221.0
577.288	218.0
577.642	223.0
577.996	219.0
578.350	222.0
578.704	223.0
579.058	221.0
579.412	220.0
579.766	215.0
580.120	216.0
580.475	220.0
580.829	220.0
581.183	211.0
581.537	214.0
581.891	219.0
582.246	214.0
582.600	225.0
582.954	218.0
583.309	221.0
583.663	218.0
584.017	221.0
584.372	217.0
584.726	221.0
585.081	225.0
585.435	219.0
585.790	210.0
586.144	215.0
586.499	212.0
586.853	220.0
587.208	221.0
587.563	217.0
587.917	223.0
588.272	221.0
588.627	215.0
588.982	223.0
589.336	218.0
589.691	217.0
590.046	219.0
590.401	217.0
590.756	210.0
591.111	214.0
591.465	211.0
591.820	212.0
592.175	212.0
592.530	215.0
592.885	217.0
593.240	208.0
593.595	218.0
593.951	212.0
594.306	215.0
594.661	208.0
595.016	217.0
595.371	213.0
595.726	210.0
596.082	212.0
596.437	210.0
596.792	204.0
597.148	213.0
597.503	215.0
597.858	214.0
598.214	215.0
598.569	216.0
598.924	213.0
599.280	212.0
599.635	219.0
599.991	209.0
600.346	212.0
600.702	212.0
601.058	225.0
601.413	209.0
601.769	205.0
602.125	203.0
602.480	204.0
602.836	202.0
603.192	202.0
603.547	205.0
603.903	198.0
604.259	204.0
604.615	205.0
604.971	203.0
605.327	204.0
605.683	210.0
606.038	202.0
606.394	201.0
606.750	201.0
607.106	208.0
607.462	208.0
607.818	193.0
608.175	194.0
608.531	204.0
608.887	195.0
609.243	188.0
609.599	195.0
609.955	196.0
610.312	198.0
610.668	195.0
611.024	190.0
611.380	193.0
611.737	195.0
612.093	194.0
612.449	193.0
612.806	186.0
613.162	187.0
613.519	190.0
613.875	187.0
614.232	187.0
614.588	185.0
614.945	183.0
615.301	190.0
615.658	192.0
616.014	189.0
616.371	197.0
616.728	189.0
617.084	186.0
617.441	183.0
617.798	187.0
618.155	183.0
618.511	185.0
618.868	183.0
619.225	184.0
619.582	181.0
619.939	177.0
620.296	188.0
620.652	183.0
621.009	185.0
621.366	181.0
621.723	181.0
622.080	183.0
622.437	181.0
622.795	182.0
623.152	177.0
623.509	179.0
623.866	184.0
624.223	181.0
624.580	180.0
624.937	186.0
625.295	182.0
625.652	174.0
626.009	179.0
626.366	176.0
626.724	176.0
627.081	176.0
627.439	170.0
627.796	167.0
628.153	182.0
628.511	177.0
628.868	174.0
629.226	180.0
629.583	181.0
629.941	184.0
630.298	175.0
630.656	175.0
631.014	174.0
631.371	165.0
631.729	176.0
632.086	178.0
632.444	167.0
632.802	171.0
633.160	168.0
633.517	170.0
633.875	176.0
634.233	173.0
634.591	172.0
634.949	169.0
635.307	174.0
635.665	174.0
636.022	171.0
636.380	172.0
636.738	178.0
637.096	178.0
637.454	172.0
637.813	174.0
638.171	174.0
638.529	183.0
638.887	170.0
639.245	165.0
639.603	169.0
639.961	160.0
640.320	159.0
640.678	169.0
641.036	166.0
641.394	170.0
641.753	165.0
642.111	165.0
642.469	164.0
642.828	167.0
643.186	170.0
643.544	169.0
643.903	170.0
644.261	174.0
644.620	171.0
644.978	170.0
645.337	165.0
645.695	181.0
646.054	167.0
646.413	169.0
646.771	166.0
647.130	168.0
647.489	166.0
647.847	167.0
648.206	158.0
648.565	160.0
648.924	172.0
649.282	161.0
649.641	163.0
650.000	168.0
650.359	168.0
650.718	170.0
651.077	169.0
651.436	172.0
651.794	170.0
652.153	184.0
652.512	173.0
652.871	179.0
653.230	175.0
653.590	172.0
653.949	177.0
654.308	174.0
654.667	169.0
655.026	165.0
655.385	163.0
655.744	180.0
656.104	181.0
656.463	193.0
656.822	184.0
657.181	173.0
657.541	174.0
657.900	170.0
658.259	173.0
658.619	174.0
658.978	181.0
659.338	181.0
659.697	186.0
660.057	179.0
660.416	181.0
660.776	183.0
661.135	180.0
661.495	185.0
661.854	183.0
662.214	186.0
662.573	174.0
662.933	177.0
663.293	169.0
663.652	161.0
664.012	162.0
664.372	161.0
664.732	160.0
665.091	163.0
665.451	170.0
665.811	168.0
666.171	171.0
666.531	167.0
666.891	167.0
667.251	181.0
667.610	176.0
667.970	173.0
668.330	176.0
668.690	171.0
669.050	175.0
669.410	178.0
669.771	180.0
670.131	169.0
670.491	173.0
670.851	167.0
671.211	161.0
671.571	158.0
671.931	159.0
672.292	155.0
672.652	157.0
673.012	147.0
673.372	152.0
673.733	157.0
674.093	157.0
674.453	160.0
674.814	159.0
675.174	160.0
675.535	164.0
675.895	173.0
676.255	170.0
676.616	170.0
676.976	165.0
677.337	168.0
677.698	155.0
678.058	163.0
678.419	163.0
678.779	166.0
679.140	155.0
679.501	156.0
679.861	150.0
680.222	154.0
680.583	151.0
680.943	151.0
681.304	150.0
681.665	147.0
682.026	140.0
682.387	148.0
682.747	141.0
683.108	146.0
683.469	148.0
683.830	146.0
684.191	148.0
684.552	149.0
684.913	153.0
685.274	144.0
685.635	146.0
685.996	149.0
686.357	149.0
686.718	148.0
687.079	150.0
687.440	147.0
687.802	143.0
688.163	150.0
688.524	141.0
688.885	141.0
689.246	145.0
689.608	138.0
689.969	139.0
690.330	148.0
690.692	141.0
691.053	141.0
691.414	133.0
691.776	139.0
692.137	143.0
692.499	146.0
692.860	143.0
693.221	139.0
693.583	131.0
693.944	135.0
694.306	144.0
694.668	142.0
695.029	142.0
695.391	142.0
695.752	142.0
696.114	139.0
696.476	135.0
696.837	133.0
697.199	138.0
697.561	137.0
697.923	143.0
698.284	130.0
698.646	137.0
699.008	134.0
699.370	146.0
699.732	128.0
700.093	142.0
700.455	139.0
700.817	143.0
701.179	138.0
701.541	142.0
701.903	150.0
702.265	131.0
702.627	131.0
702.989	134.0
703.351	139.0
703.713	136.0
704.075	158.0
704.438	139.0
704.800	138.0
705.162	138.0
705.524	130.0
705.886	137.0
706.248	136.0
706.611	136.0
706.973	140.0
707.335	139.0
707.698	144.0
708.060	134.0
708.422	140.0
708.785	132.0
709.147	136.0
709.509	140.0
709.872	141.0
710.234	136.0
710.597	141.0
710.959	136.0
711.322	131.0
711.684	136.0
712.047	137.0
712.409	135.0
712.772	136.0
713.135	141.0
713.497	141.0
713.860	138.0
714.223	143.0
714.585	135.0
714.948	146.0
715.311	142.0
715.674	139.0
716.036	145.0
716.399	147.0
716.762	133.0
717.125	136.0
717.488	139.0
717.850	138.0
718.213	138.0
718.576	141.0
718.939	134.0
719.302	138.0
719.665	142.0
720.028	135.0
720.391	134.0
720.754	135.0
721.117	140.0
721.480	139.0
721.844	144.0
722.207	142.0
722.570	144.0
722.933	144.0
723.296	149.0
723.659	150.0
724.023	155.0
724.386	149.0
724.749	145.0
725.112	153.0
725.476	144.0
725.839	155.0
726.202	148.0
726.566	147.0
726.929	155.0
727.292	154.0
727.656	150.0
728.019	144.0
728.383	142.0
728.746	145.0
729.110	139.0
729.473	138.0
729.837	146.0
730.200	137.0
730.564	132.0
730.928	135.0
731.291	141.0
731.655	138.0
732.019	138.0
732.382	146.0
732.746	151.0
733.110	153.0
733.473	149.0
733.837	167.0
734.201	156.0
734.565	157.0
734.929	166.0
735.292	159.0
735.656	165.0
736.020	158.0
736.384	164.0
736.748	165.0
737.112	161.0
737.476	157.0
737.840	163.0
738.204	162.0
738.568	152.0
738.932	155.0
739.296	157.0
739.660	152.0
740.024	141.0
740.388	143.0
740.752	141.0
741.116	144.0
741.481	144.0
741.845	140.0
742.209	146.0
742.573	146.0
742.938	140.0
743.302	151.0
743.666	154.0
744.030	158.0
744.395	163.0
744.759	163.0
745.123	169.0
745.488	169.0
745.852	169.0
746.217	178.0
746.581	174.0
746.946	189.0
747.310	180.0
747.675	177.0
748.039	174.0
748.404	176.0
748.768	178.0
749.133	186.0
749.497	178.0
749.862	183.0
750.227	176.0
750.591	181.0
750.956	178.0
751.321	180.0
751.685	157.0
752.050	151.0
752.415	152.0
752.780	148.0
753.144	144.0
753.509	139.0
753.874	140.0
754.239	138.0
754.604	142.0
754.969	141.0
755.333	143.0
755.698	151.0
756.063	148.0
756.428	155.0
756.793	156.0
757.158	165.0
757.523	169.0
757.888	174.0
758.253	170.0
758.618	179.0
758.983	179.0
759.349	190.0
759.714	171.0
760.079	173.0
760.444	177.0
760.809	179.0
761.174	181.0
761.540	181.0
761.905	186.0
762.270	186.0
762.635	174.0
763.001	182.0
763.366	174.0
763.731	160.0
764.097	151.0
764.462	149.0
764.827	150.0
765.193	139.0
765.558	143.0
765.924	144.0
766.289	147.0
766.655	136.0
767.020	136.0
767.386	142.0
767.751	147.0
768.117	151.0
768.482	148.0
768.848	153.0
769.214	157.0
769.579	157.0
769.945	164.0
770.310	181.0
770.676	184.0
771.042	181.0
771.408	182.0
771.773	181.0
772.139	180.0
772.505	172.0
772.871	175.0
773.236	182.0
773.602	183.0
773.968	186.0
774.334	184.0
774.700	183.0
775.066	190.0
775.432	185.0
775.798	176.0
776.164	170.0
776.530	155.0
776.896	155.0
777.262	223.0
777.628	330.0
777.994	373.0
778.360	287.0
778.726	169.0
779.092	135.0
779.458	142.0
779.824	132.0
780.190	139.0
780.556	137.0
780.923	140.0
781.289	130.0
781.655	140.0
782.021	132.0
782.388	134.0
782.754	130.0
783.120	133.0
783.487	136.0
783.853	132.0
784.219	140.0
784.586	128.0
784.952	132.0
785.318	133.0
785.685	135.0
786.051	133.0
786.418	135.0
786.784	136.0
787.151	141.0
787.517	135.0
787.884	137.0
788.250	142.0
788.617	139.0
788.983	131.0
789.350	140.0
789.717	139.0
790.083	133.0
790.450	133.0
790.817	131.0
791.183	139.0
791.550	139.0
791.917	136.0
792.283	140.0
792.650	139.0
793.017	133.0
793.384	136.0
793.751	126.0
794.117	130.0
794.484	135.0
794.851	136.0
795.218	138.0
795.585	136.0
795.952	128.0
796.319	133.0
796.686	129.0
797.053	133.0
797.420	130.0
797.787	126.0
798.154	127.0
798.521	130.0
798.888	133.0
799.255	133.0
799.622	138.0
799.989	131.0
800.356	136.0
800.723	136.0
801.091	133.0
801.458	132.0
801.825	133.0
802.192	134.0
802.559	137.0
802.927	139.0
803.294	133.0
803.661	139.0
804.028	135.0
804.396	128.0
804.763	128.0
805.130	132.0
805.498	136.0
805.865	132.0
806.233	140.0
806.600	135.0
806.967	140.0
807.335	127.0
807.702	130.0
808.070	130.0
808.437	132.0
808.805	136.0
809.172	140.0
809.540	135.0
809.908	132.0
810.275	139.0
810.643	143.0
811.010	135.0
811.378	135.0
811.746	143.0
812.113	135.0
812.481	132.0
812.849	126.0
813.216	144.0
813.584	142.0
813.952	134.0
814.320	133.0
814.688	138.0
815.055	134.0
815.423	140.0
815.791	131.0
816.159	132.0
816.527	130.0
816.895	136.0
817.263	134.0
817.630	137.0
817.998	130.0
818.366	130.0
818.734	135.0
819.102	143.0
819.470	144.0
819.838	133.0
820.206	131.0
820.574	131.0
820.943	135.0
821.311	143.0
821.679	139.0
822.047	156.0
822.415	148.0
822.783	151.0
823.151	134.0
823.520	135.0
823.888	136.0
824.256	134.0
824.624	147.0
824.992	137.0
825.361	141.0
825.729	129.0
826.097	125.0
826.466	130.0
826.834	133.0
827.202	128.0
827.571	134.0
827.939	141.0
828.307	139.0
828.676	134.0
829.044	133.0
829.413	141.0
829.781	124.0
830.150	133.0
830.518	138.0
830.887	143.0
831.255	134.0
831.624	129.0
831.992	131.0
832.361	133.0
832.730	134.0
833.098	133.0
833.467	131.0
833.835	128.0
834.204	130.0
834.573	130.0
834.941	141.0
835.310	132.0
835.679	135.0
836.048	134.0
836.416	132.0
836.785	136.0
837.154	132.0
837.523	135.0
837.892	157.0
838.260	131.0
838.629	134.0
838.998	127.0
839.367	132.0
839.736	130.0
840.105	131.0
840.474	131.0
840.843	137.0
841.212	137.0
841.581	135.0
841.950	127.0
842.319	133.0
842.688	144.0
843.057	137.0
843.426	145.0
843.795	132.0
844.164	133.0
844.533	141.0
844.902	162.0
845.271	172.0
845.641	171.0
846.010	145.0
846.379	139.0
846.748	134.0
847.117	138.0
847.487	131.0
847.856	136.0
848.225	143.0
848.594	142.0
848.964	135.0
849.333	128.0
849.702	140.0
850.072	132.0
850.441	136.0
850.810	133.0
851.180	130.0
851.549	138.0
851.918	133.0
852.288	137.0
852.657	146.0
853.027	141.0
853.396	138.0
853.766	132.0
854.135	141.0
854.505	136.0
854.874	132.0
855.244	137.0
855.614	133.0
855.983	133.0
856.353	134.0
856.722	124.0
857.092	141.0
857.462	130.0
857.831	135.0
858.201	128.0
858.571	131.0
858.940	137.0
859.310	136.0
859.680	144.0
860.050	131.0
860.419	131.0
860.789	142.0
861.159	132.0
861.529	137.0
861.899	141.0
862.268	134.0
862.638	134.0
863.008	145.0
863.378	146.0
863.748	154.0
864.118	144.0
864.488	146.0
864.858	152.0
865.228	145.0
865.598	143.0
865.968	151.0
866.338	145.0
866.708	150.0
867.078	157.0
867.448	150.0
867.818	157.0
868.188	164.0
868.558	174.0
868.928	177.0
869.298	168.0
869.668	159.0
870.039	152.0
870.409	150.0
870.779	159.0
871.149	154.0
871.519	157.0
871.890	159.0
872.260	156.0
872.630	157.0
873.000	151.0
873.371	140.0
873.741	145.0
874.111	138.0
874.482	136.0
874.852	132.0
875.222	134.0
875.593	140.0
875.963	137.0
876.333	136.0
876.704	137.0
877.074	128.0
877.445	126.0
877.815	132.0
878.186	140.0
878.556	134.0
878.927	140.0
879.297	136.0
879.668	134.0
880.038	130.0
880.409	136.0
880.780	132.0
881.150	144.0
881.521	135.0
881.891	133.0
882.262	141.0
882.633	139.0
883.003	146.0
883.374	147.0
883.745	145.0
884.115	150.0
884.486	152.0
884.857	151.0
885.228	154.0
885.598	155.0
885.969	152.0
886.340	150.0
886.711	145.0
887.082	146.0
887.452	145.0
887.823	152.0
888.194	155.0
888.565	150.0
888.936	152.0
889.307	145.0
889.678	159.0
890.049	143.0
890.420	153.0
890.791	150.0
891.162	152.0
891.533	151.0
891.904	146.0
892.275	138.0
892.646	138.0
893.017	142.0
893.388	135.0
893.759	152.0
894.130	145.0
894.501	138.0
894.872	132.0
895.243	129.0
895.614	135.0
895.986	139.0
896.357	132.0
896.728	139.0
897.099	133.0
897.470	130.0
897.842	137.0
898.213	132.0
898.584	134.0
898.955	138.0
899.327	132.0
899.698	137.0
900.069	136.0
900.441	130.0
900.812	134.0
901.183	134.0
901.555	139.0
901.926	136.0
902.297	126.0
902.669	138.0
903.040	132.0
903.412	132.0
903.783	127.0
904.155	131.0
904.526	132.0
904.897	132.0
905.269	132.0
905.641	137.0
906.012	132.0
906.384	134.0
906.755	130.0
907.127	130.0
907.498	126.0
907.870	135.0
908.241	128.0
908.613	133.0
908.985	131.0
909.356	128.0
909.728	128.0
910.100	134.0
910.471	129.0
910.843	138.0
911.215	138.0
911.587	133.0
911.958	129.0
912.330	132.0
912.702	130.0
913.074	133.0
913.445	136.0
913.817	134.0
914.189	129.0
914.561	129.0
914.933	138.0
915.305	135.0
915.676	134.0
916.048	134.0
916.420	129.0
916.792	138.0
917.164	138.0
917.536	131.0
917.908	136.0
918.280	137.0
918.652	131.0
919.024	128.0
919.396	140.0
919.768	137.0
920.140	135.0
920.512	133.0
920.884	131.0
921.256	133.0
921.628	135.0
922.000	137.0
922.372	136.0
922.745	144.0
923.117	134.0
923.489	135.0
923.861	142.0
924.233	134.0
924.605	134.0
924.978	128.0
925.350	132.0
925.722	136.0
926.094	145.0
926.467	134.0
926.839	147.0
927.211	143.0
927.583	137.0
927.956	136.0
928.328	132.0
928.700	127.0
929.073	134.0
929.445	131.0
929.817	133.0
930.190	134.0
930.562	139.0
930.935	132.0
931.307	136.0
931.679	138.0
932.052	135.0
932.424	137.0
932.797	138.0
933.169	132.0
933.542	136.0
933.914	133.0
934.287	132.0
934.659	129.0
935.032	139.0
935.404	136.0
935.777	138.0
936.149	131.0
936.522	131.0
936.895	133.0
937.267	138.0
937.640	136.0
938.013	136.0
938.385	130.0
938.758	135.0
939.131	139.0
939.503	145.0
939.876	148.0
940.249	142.0
940.621	133.0
940.994	125.0
941.367	141.0
941.740	136.0
942.112	140.0
942.485	137.0
942.858	134.0
943.231	136.0
943.604	139.0
943.976	136.0
944.349	133.0
944.722	135.0
945.095	132.0
945.468	139.0
945.841	139.0
946.214	135.0
946.587	129.0
946.960	136.0
947.333	137.0
947.706	131.0
948.078	135.0
948.451	138.0
948.824	130.0
949.197	136.0
949.570	130.0
949.944	128.0
950.317	128.0
950.690	133.0
951.063	126.0
951.436	139.0
951.809	132.0
952.182	134.0
952.555	132.0
952.928	136.0
953.301	133.0
953.674	142.0
954.048	140.0
954.421	129.0
954.794	132.0
955.167	136.0
955.540	132.0
955.914	135.0
956.287	138.0
956.660	144.0
957.033	135.0
957.407	137.0
957.780	135.0
958.153	138.0
958.526	146.0
958.900	131.0
959.273	134.0
959.646	137.0
960.020	133.0
960.393	134.0
960.766	133.0
961.140	138.0
961.513	130.0
961.887	136.0
962.260	135.0
962.634	136.0
963.007	133.0
963.380	135.0
963.754	135.0
964.127	138.0
964.501	138.0
964.874	137.0
965.248	132.0
965.621	127.0
965.995	139.0
966.368	141.0
966.742	128.0
967.116	135.0
967.489	139.0
967.863	140.0
968.236	138.0
968.610	136.0
968.984	137.0
969.357	133.0
969.731	134.0
970.104	135.0
970.478	138.0
970.852	142.0
971.225	146.0
971.599	139.0
971.973	134.0
972.347	134.0
972.720	132.0
973.094	135.0
973.468	126.0
973.842	135.0
974.215	134.0
974.589	139.0
974.963	134.0
975.337	131.0
975.711	137.0
976.084	137.0
976.458	133.0
976.832	128.0
977.206	132.0
977.580	129.0
977.954	131.0
978.328	135.0
978.702	133.0
979.075	135.0
979.449	145.0
979.823	136.0
980.197	139.0
980.571	138.0
980.945	135.0
981.319	132.0
981.693	134.0
982.067	137.0
982.441	144.0
982.815	134.0
983.189	134.0
983.563	145.0
983.937	135.0
984.311	141.0
984.686	137.0
985.060	143.0
985.434	138.0
985.808	135.0
986.182	128.0
986.556	137.0
986.930	134.0
987.304	135.0
987.679	133.0
988.053	140.0
988.427	133.0
988.801	146.0
989.175	131.0
989.550	136.0
989.924	133.0
990.298	136.0
990.672	138.0
991.047	130.0
991.421	133.0
991.795	130.0
992.169	137.0
992.544	130.0
992.918	141.0
993.292	134.0
993.667	130.0
994.041	142.0
994.415	133.0
994.790	130.0
995.164	134.0
995.538	132.0
995.913	130.0
996.287	136.0
996.662	143.0
997.036	140.0
997.411	143.0
997.785	138.0
998.159	136.0
998.534	138.0
998.908	144.0
999.283	136.0
999.657	134.0
1000.032	133.0
1000.406	134.0
1000.781	132.0
1001.156	138.0
1001.530	137.0
1001.905	144.0
1002.279	131.0
1002.654	140.0
1003.028	142.0
1003.403	136.0
1003.778	132.0
1004.152	145.0
1004.527	134.0
1004.901	135.0
1005.276	137.0
1005.651	136.0
1006.025	137.0
1006.400	134.0
1006.775	124.0
1007.150	144.0
1007.524	136.0
1007.899	136.0
1008.274	135.0
1008.648	138.0
1009.023	137.0
1009.398	133.0
1009.773	138.0
1010.147	135.0
1010.522	139.0
1010.897	130.0
1011.272	126.0
1011.647	137.0
1012.021	138.0
1012.396	129.0
1012.771	134.0
1013.146	132.0
1013.521	138.0
1013.896	133.0
1014.271	140.0
1014.646	132.0
1015.020	133.0
1015.395	129.0
1015.770	133.0
1016.145	134.0
1016.520	129.0
1016.895	137.0
1017.270	138.0
1017.645	134.0
1018.020	135.0
1018.395	137.0
1018.770	130.0
1019.145	132.0
1019.520	134.0
1019.895	131.0
1020.270	133.0
1020.645	133.0
1021.020	130.0
1021.395	133.0
1021.770	136.0
1022.145	136.0
1022.521	143.0
1022.896	139.0
1023.271	135.0
1023.646	128.0
1024.021	133.0
1024.396	139.0
1024.771	130.0
1025.146	129.0
1025.522	138.0
1025.897	137.0
1026.272	131.0
1026.647	133.0
1027.022	136.0
1027.398	138.0
1027.773	141.0
1028.148	142.0
1028.523	135.0
1028.899	134.0
1029.274	134.0
1029.649	141.0
1030.024	139.0
1030.400	135.0
1030.775	137.0
1031.150	138.0
1031.526	131.0
1031.901	132.0
1032.276	154.0
1032.652	132.0
1033.027	134.0
1033.402	135.0
1033.778	131.0
1034.153	134.0
1034.528	141.0
1034.904	143.0
1035.279	139.0
1035.655	140.0
1036.030	146.0
1036.405	145.0
1036.781	145.0
1037.156	144.0
1037.532	138.0
1037.907	133.0
1038.283	137.0
1038.658	145.0
1039.034	135.0
1039.409	143.0
1039.785	142.0
1040.160	144.0
1040.536	144.0
1040.911	148.0
1041.287	139.0
1041.662	135.0
1042.038	139.0
1042.414	146.0
1042.789	147.0
1043.165	140.0
1043.540	145.0
1043.916	132.0
1044.292	135.0
1044.667	139.0
1045.043	142.0
1045.418	143.0
1045.794	145.0
1046.170	135.0
1046.545	139.0
1046.921	143.0
1047.297	132.0
1047.672	142.0
1048.048	140.0
1048.424	138.0
1048.800	140.0
1049.175	147.0
1049.551	144.0
1049.927	148.0
1050.303	134.0
1050.678	141.0
1051.054	145.0
1051.430	152.0
1051.806	140.0
1052.181	140.0
1052.557	140.0
1052.933	149.0
1053.309	144.0
1053.685	147.0
1054.061	150.0
1054.436	151.0
1054.812	143.0
1055.188	141.0
1055.564	147.0
1055.940	136.0
1056.316	145.0
1056.692	142.0
1057.067	143.0
1057.443	141.0
1057.819	146.0
1058.195	148.0
1058.571	141.0
1058.947	148.0
1059.323	138.0
1059.699	153.0
1060.075	143.0
1060.451	145.0
1060.827	140.0
1061.203	137.0
1061.579	155.0
1061.955	149.0
1062.331	141.0
1062.707	141.0
